12.020886421203613
0.06499767303466797
0.0410006046295166
0.035997867584228516
0.04701495170593262
0.03499889373779297
0.04299807548522949
0.034999847412109375
0.03999924659729004
0.032999515533447266
0.0380091667175293
0.033998966217041016
0.0409998893737793
0.03301286697387695
0.03999900817871094
0.03299880027770996
0.04399847984313965
0.03500819206237793
0.04499936103820801
0.03299903869628906
0.0449984073638916
0.03699064254760742
0.0390009880065918
0.03399920463562012
0.039998531341552734
0.032998085021972656
0.03399944305419922
0.03599882125854492
0.041999101638793945
0.03399825096130371
0.05000925064086914
0.03799915313720703
0.03300118446350098
0.037998199462890625
0.032999515533447266
0.043999671936035156
0.03399944305419922
0.04500436782836914
0.03500080108642578
0.041998863220214844
0.03399968147277832
0.040000200271606445
0.034999847412109375
0.04599952697753906
0.032999277114868164
0.04399824142456055
0.034000396728515625
0.0469970703125
0.03399991989135742
0.038999319076538086
0.03399991989135742
0.041999101638793945
0.032994985580444336
0.03899860382080078
0.03299999237060547
0.04500102996826172
0.03599810600280762
0.03999900817871094
0.031998634338378906
0.03799867630004883
0.03600144386291504
0.044001102447509766
0.033998727798461914
0.039999961853027344
0.03299856185913086
0.03999614715576172
0.032997846603393555
0.04199838638305664
0.03499960899353027
0.03799796104431152
0.0319976806640625
0.04200029373168945
0.03399991989135742
0.03899741172790527
0.034999847412109375
0.04099893569946289
0.03501176834106445
0.042000532150268555
0.03300046920776367
0.03800058364868164
0.033998727798461914
0.0429987907409668
0.03301239013671875
0.037999629974365234
0.032999277114868164
0.03799939155578613
0.03399920463562012
0.04000043869018555
0.03399848937988281
0.04200005531311035
0.03399920463562012
0.03700065612792969
0.034998178482055664
0.04200029373168945
0.03499913215637207
0.03599858283996582
0.03499913215637207
0.04099750518798828
0.03300046920776367
0.03399848937988281
0.03599882125854492
0.037999868392944336
0.03300189971923828
0.03999900817871094
0.03399825096130371
0.03599834442138672
0.03299736976623535
0.03900027275085449
0.03699827194213867
0.03799796104431152
0.03299903869628906
0.04400181770324707
0.03499937057495117
0.04001879692077637
0.03297281265258789
0.040036916732788086
0.035965919494628906
0.039034128189086914
0.03500247001647949
0.04396867752075195
0.03299903869628906
0.034989356994628906
0.03399968147277832
0.04400038719177246
0.032999515533447266
0.03999972343444824
0.033998966217041016
0.03699946403503418
0.03499937057495117
0.0429990291595459
0.032999515533447266
0.041997432708740234
0.03199911117553711
0.03999900817871094
0.0319976806640625
0.043000221252441406
0.03199958801269531
0.03699803352355957
0.03200054168701172
0.03799867630004883
0.03300929069519043
0.04399824142456055
0.031996726989746094
0.04200172424316406
0.03199958801269531
0.038999319076538086
0.03499960899353027
0.04000043869018555
0.033998966217041016
0.03799748420715332
0.03500080108642578
0.038977861404418945
0.033000946044921875
0.03899788856506348
0.03501415252685547
0.045009613037109375
0.031998395919799805
0.03699851036071777
0.03199934959411621
0.03999948501586914
0.03299999237060547
0.03601264953613281
0.034013986587524414
0.06599855422973633
0.03599810600280762
0.03600120544433594
0.036998748779296875
0.03499960899353027
0.04000997543334961
0.03399825096130371
0.03500103950500488
0.03399825096130371
0.04199790954589844
0.03399920463562012
0.041998863220214844
0.03598666191101074
0.03800082206726074
0.03399944305419922
0.03900313377380371
0.034001827239990234
0.046001434326171875
0.03399920463562012
0.04300045967102051
0.03599882125854492
0.045998334884643555
0.03399944305419922
0.1940009593963623
0.037999629974365234
0.04400038719177246
0.042999267578125
0.05199909210205078
0.04399895668029785
0.04000067710876465
0.041997671127319336
0.03599810600280762
0.0429997444152832
0.04100155830383301
0.04399824142456055
0.04600048065185547
0.049999237060546875
0.04900479316711426
0.0429987907409668
0.043000221252441406
0.04202890396118164
0.04000210762023926
0.042998552322387695
0.04899930953979492
0.046999216079711914
0.04300045967102051
0.03799867630004883
0.04700183868408203
0.04899883270263672
0.044999122619628906
0.04400467872619629
0.04299783706665039
0.04799914360046387
0.03899955749511719
0.04000091552734375
0.04099869728088379
0.03600192070007324
0.04201030731201172
0.036995887756347656
0.04099845886230469
0.03499937057495117
0.03799915313720703
0.03299975395202637
0.035997629165649414
0.03699827194213867
0.03701043128967285
0.03299856185913086
0.04498577117919922
0.03499913215637207
0.036000967025756836
0.03299689292907715
0.042011260986328125
0.033987998962402344
0.03899955749511719
0.03299975395202637
0.040010690689086914
0.03798842430114746
0.03799867630004883
0.034000396728515625
0.0429987907409668
0.03399658203125
0.0429987907409668
0.031998395919799805
0.03800010681152344
0.03500008583068848
0.0429995059967041
0.03600025177001953
0.04000043869018555
0.03500008583068848
0.044996023178100586
0.035999298095703125
0.0429995059967041
0.03499960899353027
0.0460054874420166
0.03399944305419922
0.042000770568847656
0.03399848937988281
0.04000687599182129
0.033992767333984375
0.0420069694519043
0.03399991989135742
0.04199838638305664
0.03399848937988281
0.03999900817871094
0.034999847412109375
0.044000864028930664
0.035001277923583984
0.04699826240539551
0.035001277923583984
0.041002511978149414
0.03499913215637207
0.03800082206726074
0.034998416900634766
0.044011592864990234
0.033998966217041016
0.041999101638793945
0.03599882125854492
0.04199981689453125
0.03800010681152344
0.035001516342163086
0.04599761962890625
0.04599785804748535
0.03700113296508789
0.04599905014038086
0.04399847984313965
0.09900069236755371
0.05099821090698242
0.04599595069885254
0.05399608612060547
0.03899884223937988
0.03999805450439453
0.04200124740600586
0.04600095748901367
0.03799796104431152
0.05399942398071289
0.04800772666931152
0.046990394592285156
0.038999080657958984
0.04499936103820801
0.05600118637084961
0.038997650146484375
0.03898739814758301
0.051996469497680664
0.043999671936035156
0.03699612617492676
0.04000091552734375
0.036000967025756836
0.04599905014038086
0.03399920463562012
0.03999733924865723
0.03399920463562012
0.03899884223937988
0.03299832344055176
0.03699898719787598
0.03199887275695801
0.04099893569946289
0.034000396728515625
0.04399895668029785
0.03699994087219238
0.04099917411804199
0.03599977493286133
0.04501032829284668
0.040987253189086914
0.04599785804748535
0.03500199317932129
0.040990591049194336
0.04199981689453125
0.04699897766113281
0.04600048065185547
0.0499880313873291
0.04099845886230469
0.04200005531311035
0.043998003005981445
0.034000396728515625
0.038999080657958984
0.032999515533447266
0.04099702835083008
0.032999277114868164
0.041010379791259766
0.03399848937988281
0.04199814796447754
0.03199934959411621
0.03899836540222168
0.03400015830993652
0.04099726676940918
0.03399920463562012
0.03899884223937988
0.03400683403015137
0.03900003433227539
0.03299880027770996
0.041005611419677734
0.03499269485473633
0.04199671745300293
0.033998966217041016
0.042001962661743164
0.034998178482055664
0.03999900817871094
0.03299665451049805
0.03899836540222168
0.03400135040283203
0.04199981689453125
0.03500080108642578
0.03799939155578613
0.03299903869628906
0.04099845886230469
0.03299760818481445
0.04099559783935547
0.03499913215637207
0.04600167274475098
0.032997846603393555
0.018000125885009766
0.043999433517456055
0.04099917411804199
0.033997535705566406
0.03499960899353027
0.03700757026672363
0.04101371765136719
0.03298664093017578
0.03699803352355957
0.031998634338378906
0.03999781608581543
0.032985687255859375
0.04599881172180176
0.03400087356567383
0.036000728607177734
0.03499126434326172
0.04399728775024414
0.03399848937988281
0.037000179290771484
0.033998727798461914
0.03899836540222168
0.03600025177001953
0.03799939155578613
0.03399920463562012
0.039999961853027344
0.03499889373779297
0.04399871826171875
0.03300023078918457
0.03900623321533203
0.033997535705566406
0.04199957847595215
0.03400015830993652
0.039998769760131836
0.03299999237060547
0.0429990291595459
0.03399920463562012
0.03699970245361328
0.03599953651428223
0.043000221252441406
0.03399848937988281
0.0410008430480957
0.03399848937988281
0.03499865531921387
0.03299880027770996
0.045006513595581055
0.032999515533447266
0.035002946853637695
0.03599882125854492
0.045998334884643555
0.03399801254272461
0.041997432708740234
0.03400135040283203
0.03699922561645508
0.03199648857116699
0.03600144386291504
0.03299880027770996
0.041998863220214844
0.03500008583068848
0.03599858283996582
0.03499913215637207
0.03999900817871094
0.03399920463562012
0.04399871826171875
0.03499889373779297
0.03799939155578613
0.033997535705566406
0.04000043869018555
0.033985137939453125
0.039031028747558594
0.033998966217041016
0.042998552322387695
0.03399968147277832
0.0449981689453125
0.03299760818481445
0.03500175476074219
0.034996747970581055
0.033997535705566406
0.03399968147277832
0.04199838638305664
0.03299999237060547
0.039009809494018555
0.03398871421813965
0.04099845886230469
0.032998085021972656
0.03899884223937988
0.03300023078918457
0.04098987579345703
0.03199887275695801
0.03799891471862793
0.03399658203125
0.043999671936035156
0.03399944305419922
0.04199957847595215
0.03599858283996582
0.03599977493286133
0.03500032424926758
0.043999671936035156
0.03399991989135742
0.040998220443725586
0.03400254249572754
0.03500056266784668
0.03399801254272461
0.037999629974365234
0.03300189971923828
0.04300069808959961
0.033998727798461914
0.04400014877319336
0.03399825096130371
0.037999629974365234
0.03600025177001953
0.04199862480163574
0.03400540351867676
0.04399824142456055
0.0319972038269043
0.03499937057495117
0.032997846603393555
0.03799939155578613
0.03399968147277832
0.0579988956451416
0.04499936103820801
0.04499936103820801
0.03600120544433594
0.03698611259460449
0.03299713134765625
0.03999662399291992
0.03399968147277832
0.039998531341552734
0.03300023078918457
0.03899955749511719
0.03299903869628906
0.037000417709350586
0.03499960899353027
0.043998003005981445
0.03299999237060547
0.03299856185913086
0.035997867584228516
0.039998531341552734
0.037000179290771484
0.03600025177001953
0.03299975395202637
0.03699803352355957
0.03300142288208008
0.04199862480163574
0.03399944305419922
0.041002511978149414
0.03499937057495117
0.03899240493774414
0.03800034523010254
0.042001962661743164
0.03499960899353027
0.03799915313720703
0.03500032424926758
0.03600049018859863
0.035004615783691406
0.04099869728088379
0.034999847412109375
0.044998884201049805
0.03399920463562012
0.0410001277923584
0.03400015830993652
0.04599928855895996
0.03399324417114258
0.04599881172180176
0.03399944305419922
0.04898524284362793
0.04199981689453125
0.03600168228149414
0.045998573303222656
0.03598737716674805
0.0429997444152832
0.03399920463562012
0.04399871826171875
0.034998416900634766
0.03999972343444824
0.03600287437438965
0.041001081466674805
0.03499889373779297
0.046004295349121094
0.03499937057495117
0.04199981689453125
0.03400015830993652
0.03799867630004883
0.03498983383178711
0.0429997444152832
0.034998416900634766
0.0429990291595459
0.034998178482055664
0.020000934600830078
0.04399275779724121
0.04099845886230469
0.0410008430480957
0.05400276184082031
0.048000335693359375
0.04401111602783203
0.04499673843383789
0.03899979591369629
0.05099797248840332
0.044998884201049805
0.044999122619628906
0.05199909210205078
0.04599642753601074
0.04500007629394531
0.04999995231628418
0.05800008773803711
0.03799605369567871
0.045999765396118164
0.044986724853515625
0.03499913215637207
0.04999971389770508
0.03999972343444824
0.03499937057495117
0.03700089454650879
0.033998727798461914
0.03999972343444824
0.03299975395202637
0.03799581527709961
0.03400087356567383
0.04299736022949219
0.03400540351867676
0.03702187538146973
0.03600645065307617
0.05599808692932129
0.03499889373779297
0.041996002197265625
0.059999704360961914
0.04400157928466797
0.03999805450439453
0.05199933052062988
0.04599928855895996
0.03700065612792969
0.03599977493286133
0.034000396728515625
0.04199838638305664
0.03699994087219238
0.03799891471862793
0.039998769760131836
0.03699994087219238
0.03400778770446777
0.04099774360656738
0.03398561477661133
0.03600120544433594
0.035996437072753906
0.043000221252441406
0.03299856185913086
0.04199838638305664
0.03499937057495117
0.047009944915771484
0.0390009880065918
0.05099964141845703
0.051998138427734375
0.043001651763916016
0.04099631309509277
0.05199837684631348
0.04999971389770508
0.04699873924255371
0.046999216079711914
0.05299878120422363
0.04399847984313965
0.03699946403503418
0.04199981689453125
0.037000179290771484
0.0559992790222168
0.04700040817260742
0.03599953651428223
0.04299759864807129
0.04400157928466797
0.04799842834472656
0.03701019287109375
0.04299783706665039
0.03400015830993652
0.04400038719177246
0.03300070762634277
0.04399847984313965
0.03299975395202637
0.03799915313720703
0.032999277114868164
0.03599953651428223
0.033998727798461914
0.04399919509887695
0.03400063514709473
0.04099917411804199
0.032999515533447266
0.03599858283996582
0.034996986389160156
0.04099750518798828
0.03600001335144043
0.0429997444152832
0.037999868392944336
0.04099726676940918
0.04000544548034668
0.04399919509887695
0.03699970245361328
0.0409998893737793
0.035004377365112305
0.041999101638793945
0.033998966217041016
0.04399991035461426
0.03799939155578613
0.03899812698364258
0.03999805450439453
0.03899788856506348
0.03300046920776367
0.04200029373168945
0.03400063514709473
0.04297137260437012
0.032997846603393555
0.03700089454650879
0.032999515533447266
0.04399991035461426
0.03299999237060547
0.03399991989135742
0.031999826431274414
0.03699922561645508
0.034996986389160156
0.039998531341552734
0.03299856185913086
0.03599905967712402
0.032999277114868164
0.040001869201660156
0.03299736976623535
0.037999868392944336
0.033998966217041016
0.043984413146972656
0.03500056266784668
0.03600025177001953
0.03299903869628906
0.04200029373168945
0.032999277114868164
0.036000967025756836
0.03299880027770996
0.03499913215637207
0.033998966217041016
0.03999829292297363
0.031999826431274414
0.03599905967712402
0.03299856185913086
0.03699851036071777
0.03300046920776367
0.03999805450439453
0.03399944305419922
0.03699898719787598
0.03399991989135742
0.04199862480163574
0.04200005531311035
0.045998334884643555
0.034999847412109375
0.05899953842163086
0.057997703552246094
0.041999101638793945
0.03600049018859863
0.04099893569946289
0.03800153732299805
0.05099940299987793
0.04899883270263672
0.03899860382080078
0.04399871826171875
0.03299999237060547
0.04299807548522949
0.03399920463562012
0.04199981689453125
0.032997846603393555
0.036002159118652344
0.032997846603393555
0.037999868392944336
0.036000967025756836
0.039998769760131836
0.03400087356567383
0.038999080657958984
0.03399825096130371
0.04099917411804199
0.03800058364868164
0.041998863220214844
0.036998748779296875
0.04599356651306152
0.017999887466430664
0.0729990005493164
0.04699897766113281
0.04799985885620117
0.05199909210205078
0.04999971389770508
0.042998552322387695
0.04899954795837402
0.06299757957458496
0.048986196517944336
0.05099987983703613
0.059999704360961914
0.05399894714355469
0.0559999942779541
0.055997371673583984
0.04999876022338867
0.04299783706665039
0.03500699996948242
0.03698539733886719
0.03400731086730957
0.03800082206726074
0.03399825096130371
0.04200029373168945
0.033998727798461914
0.044001102447509766
0.03999948501586914
0.04399728775024414
0.04699969291687012
0.051993608474731445
0.05899977684020996
0.05499863624572754
0.05100059509277344
0.044997453689575195
0.045992136001586914
0.04000210762023926
0.041997432708740234
0.05800032615661621
0.04199957847595215
0.03799915313720703
0.04799985885620117
0.03499937057495117
0.04198575019836426
0.03599905967712402
0.03799748420715332
0.03500032424926758
0.04200124740600586
0.034999847412109375
0.04499959945678711
0.03500056266784668
0.03700542449951172
0.03499579429626465
0.04500007629394531
0.03399944305419922
0.038997650146484375
0.034999847412109375
0.04099869728088379
0.03499722480773926
0.04099893569946289
0.03299832344055176
0.04800105094909668
0.04399585723876953
0.05600094795227051
0.03899836540222168
0.04500007629394531
0.0429987907409668
0.03798675537109375
0.04600095748901367
0.03899860382080078
0.05399894714355469
0.04099607467651367
0.03599953651428223
0.0449986457824707
0.034000396728515625
0.04401206970214844
0.034987688064575195
0.040997982025146484
0.034998178482055664
0.036997079849243164
0.03599905967712402
0.05100369453430176
0.0560002326965332
0.04900646209716797
0.04900074005126953
0.04199790954589844
0.05200624465942383
0.0709993839263916
0.03799796104431152
0.033998966217041016
0.03999948501586914
0.032999277114868164
0.04500102996826172
0.03499937057495117
0.03899121284484863
0.03499865531921387
0.05999946594238281
0.046999216079711914
0.03699803352355957
0.037000417709350586
0.036998748779296875
0.03400015830993652
0.06700468063354492
0.06400179862976074
0.04599714279174805
0.04700040817260742
0.037000179290771484
0.0410001277923584
0.03999829292297363
0.04200887680053711
0.03400135040283203
0.03399777412414551
0.03999829292297363
0.042998552322387695
0.04300117492675781
0.036997318267822266
0.03900003433227539
0.03799939155578613
0.0460352897644043
0.03696441650390625
0.03900027275085449
0.03399801254272461
0.04099774360656738
0.03299975395202637
0.04599905014038086
0.04199814796447754
0.04399728775024414
0.03499794006347656
0.04399919509887695
0.03399848937988281
0.03899407386779785
0.03800010681152344
0.045998573303222656
0.04399871826171875
0.04300093650817871
0.03399968147277832
0.042998552322387695
0.04099869728088379
0.03799891471862793
0.0390012264251709
0.03500223159790039
0.0419921875
0.04599571228027344
0.037999868392944336
0.05099797248840332
0.04499983787536621
0.04700040817260742
0.04899191856384277
0.03600049018859863
0.03800010681152344
0.03400087356567383
0.04099869728088379
0.03300023078918457
0.042000770568847656
0.048999786376953125
0.04199981689453125
0.03599882125854492
0.0410003662109375
0.03599905967712402
0.03599858283996582
0.03299736976623535
0.03899955749511719
0.03699922561645508
0.03699922561645508
0.03299880027770996
0.044998884201049805
0.03499960899353027
0.03799843788146973
0.03700137138366699
0.04000043869018555
0.03299689292907715
0.04899907112121582
0.03699779510498047
0.032999277114868164
0.044001102447509766
0.03299689292907715
0.03500032424926758
0.033000946044921875
0.03500056266784668
0.05000042915344238
0.03899860382080078
0.03700137138366699
0.04399991035461426
0.03299999237060547
0.03999948501586914
0.032997846603393555
0.03699922561645508
0.03499913215637207
0.0410001277923584
0.017001867294311523
