3.40899920463562
0.0549924373626709
0.033998966217041016
0.0410008430480957
0.03299570083618164
0.03300142288208008
0.03399968147277832
0.03301358222961426
0.03400087356567383
0.032997846603393555
0.03299856185913086
0.03299880027770996
0.03299975395202637
0.03299856185913086
0.03299713134765625
0.030998945236206055
0.034012794494628906
0.029999732971191406
0.03198504447937012
0.03099846839904785
0.03300046920776367
0.031000375747680664
0.0319981575012207
0.031000137329101562
0.03200054168701172
0.030998706817626953
0.029997587203979492
0.03000044822692871
0.031000614166259766
0.028998613357543945
0.029999494552612305
0.030999422073364258
0.03199934959411621
0.02900099754333496
0.031999826431274414
0.029999256134033203
0.030999422073364258
0.030998945236206055
0.031999826431274414
0.03099966049194336
0.030998706817626953
0.031000137329101562
0.031998395919799805
0.03099966049194336
0.03099822998046875
0.031002044677734375
0.03199934959411621
0.030999422073364258
0.03199911117553711
0.03099989891052246
0.03299975395202637
0.031000375747680664
0.030012130737304688
0.030999183654785156
0.03300166130065918
0.0299990177154541
0.030997514724731445
0.0319979190826416
0.031998395919799805
0.030998706817626953
0.03202962875366211
0.031032085418701172
0.030035018920898438
0.031999826431274414
0.03200078010559082
0.032030582427978516
0.03397083282470703
0.031034469604492188
0.03300023078918457
0.031032562255859375
0.033998966217041016
0.03003239631652832
0.030999183654785156
0.03099966049194336
0.03197073936462402
0.029994964599609375
0.03299880027770996
0.030000925064086914
0.03201723098754883
0.031000137329101562
0.03299880027770996
0.02896404266357422
0.0299985408782959
0.033000946044921875
0.03199887275695801
0.03199958801269531
0.03202986717224121
0.03098893165588379
0.03299880027770996
0.031000137329101562
0.03296089172363281
0.030999183654785156
0.03197503089904785
0.03100132942199707
0.03200101852416992
0.030966520309448242
0.031998634338378906
0.03103017807006836
0.03396892547607422
0.031000375747680664
0.031031131744384766
0.03196358680725098
0.03200030326843262
0.030963659286499023
0.03297066688537598
0.03203320503234863
0.03199887275695801
0.03199911117553711
0.03200125694274902
0.03099822998046875
0.0319981575012207
0.03199958801269531
0.030997276306152344
0.03199934959411621
0.03299975395202637
0.0299990177154541
0.0319981575012207
0.03200054168701172
0.03199958801269531
0.029998779296875
0.03099822998046875
0.030999422073364258
0.03299832344055176
0.029998302459716797
0.0319981575012207
0.03099989891052246
0.031998395919799805
0.03200125694274902
0.03200078010559082
0.03299856185913086
0.03200078010559082
0.03099822998046875
0.03099846839904785
0.031005144119262695
0.031998634338378906
0.031998634338378906
0.03199958801269531
0.03299999237060547
0.03199315071105957
0.03299999237060547
0.03299856185913086
0.0299990177154541
0.03399968147277832
0.030998945236206055
0.031998634338378906
0.03200030326843262
0.034998416900634766
0.03099799156188965
0.03400135040283203
0.030997037887573242
0.032027244567871094
0.030963420867919922
0.030973196029663086
0.031998395919799805
0.03200387954711914
0.031965017318725586
0.03199887275695801
0.031000137329101562
0.032000064849853516
0.031000137329101562
0.03199934959411621
0.031000614166259766
0.0319972038269043
0.029998779296875
0.032003164291381836
0.030996084213256836
0.030997514724731445
0.030997276306152344
0.03200101852416992
0.03299880027770996
0.0319981575012207
0.031998634338378906
0.03300070762634277
0.03199887275695801
0.03099846839904785
0.03199911117553711
0.03199911117553711
0.0299990177154541
0.03199911117553711
0.03099966049194336
0.032999515533447266
0.031998395919799805
0.0319979190826416
0.03099966049194336
0.031998395919799805
0.031000137329101562
0.031000852584838867
0.03099370002746582
0.030998945236206055
0.03400301933288574
0.03200054168701172
0.030995607376098633
0.031000614166259766
0.0319974422454834
0.03300809860229492
0.029998779296875
0.030998706817626953
0.029987335205078125
0.03299999237060547
0.03200078010559082
0.03299975395202637
0.03099966049194336
0.03200030326843262
0.03100132942199707
0.0319979190826416
0.0299985408782959
0.03499937057495117
0.03099846839904785
0.03299975395202637
0.03200054168701172
0.030999183654785156
0.02998971939086914
0.03300166130065918
0.030997276306152344
0.030997037887573242
0.031000614166259766
0.03299903869628906
0.03300023078918457
0.03199052810668945
0.031009912490844727
0.031000614166259766
0.032999277114868164
0.033000946044921875
0.031000852584838867
0.03299832344055176
0.0299990177154541
0.03200197219848633
0.031009197235107422
0.031999826431274414
0.029000043869018555
0.031998634338378906
0.031001567840576172
0.03299880027770996
0.03099989891052246
0.03399777412414551
0.03101205825805664
0.03199887275695801
0.030998706817626953
0.032999515533447266
0.029996871948242188
0.032999277114868164
0.030998945236206055
0.033004045486450195
0.031998395919799805
0.03100109100341797
0.030998945236206055
0.03099799156188965
0.032012939453125
0.03099679946899414
0.03299713134765625
0.03200674057006836
0.03099822998046875
0.030998945236206055
0.031000137329101562
0.03199887275695801
0.029998064041137695
0.03099799156188965
0.03100109100341797
0.032000064849853516
0.031000137329101562
0.029999971389770508
0.032000064849853516
0.029998064041137695
0.03199887275695801
0.03299832344055176
0.03200101852416992
0.029998302459716797
0.032006263732910156
0.032997846603393555
0.030997753143310547
0.03199887275695801
0.03201746940612793
0.03199887275695801
0.030999183654785156
0.0319974422454834
0.03099846839904785
0.031998634338378906
0.030999422073364258
0.03300118446350098
0.029999256134033203
0.031998395919799805
0.032997846603393555
0.03300333023071289
0.03099846839904785
0.031004667282104492
0.03199291229248047
0.0319972038269043
0.032000064849853516
0.0319979190826416
0.031000614166259766
0.033998966217041016
0.030999183654785156
0.033000946044921875
0.030999183654785156
0.03299999237060547
0.030999183654785156
0.031009197235107422
0.029999494552612305
0.030999422073364258
0.03099822998046875
0.030999422073364258
0.030998706817626953
0.03100299835205078
0.030997514724731445
0.03099799156188965
0.0319981575012207
0.03099846839904785
0.03199958801269531
0.0319981575012207
0.029998779296875
0.03200125694274902
0.03200030326843262
0.03300046920776367
0.031024694442749023
0.0319979190826416
0.030972957611083984
0.03398585319519043
0.032013893127441406
0.03203749656677246
0.03099989891052246
0.03399825096130371
0.03103017807006836
0.03302407264709473
0.03096771240234375
0.03203177452087402
0.031020164489746094
0.032999515533447266
0.0320436954498291
0.03296685218811035
0.029997825622558594
0.03299880027770996
0.03203392028808594
0.03300070762634277
0.03199911117553711
0.03297758102416992
0.031029939651489258
0.03300118446350098
0.03199887275695801
0.03303265571594238
0.029999494552612305
0.03200078010559082
0.029998302459716797
0.031998634338378906
0.030998945236206055
0.03299880027770996
0.03099799156188965
0.0319972038269043
0.029998779296875
0.030999422073364258
0.031999826431274414
0.032000064849853516
0.03199934959411621
0.03200054168701172
0.030999422073364258
0.03299975395202637
0.032000064849853516
0.031999826431274414
0.030999422073364258
0.03199934959411621
0.03099846839904785
0.031999826431274414
0.029997825622558594
0.03099679946899414
0.02999734878540039
0.0319981575012207
0.03200030326843262
0.031998395919799805
0.031000137329101562
0.03199887275695801
0.03099846839904785
0.03204464912414551
0.030999183654785156
0.016999006271362305
0.03599834442138672
0.03299856185913086
0.031000614166259766
0.03099822998046875
0.029998302459716797
0.031980276107788086
0.03000044822692871
0.030998706817626953
0.027998924255371094
0.029999732971191406
0.03100109100341797
0.030998706817626953
0.0320127010345459
0.029027938842773438
0.03303337097167969
0.031998634338378906
0.03196096420288086
0.03097391128540039
0.03399825096130371
0.03196072578430176
0.031000137329101562
0.03399944305419922
0.03099822998046875
0.029999494552612305
0.03099966049194336
0.03101038932800293
0.03000044822692871
0.03299856185913086
0.03199934959411621
0.03099966049194336
0.030998945236206055
0.030998945236206055
0.031999826431274414
0.03200078010559082
0.03099656105041504
0.031000614166259766
0.030998706817626953
0.032999515533447266
0.029998302459716797
0.029999256134033203
0.03100109100341797
0.06299948692321777
0.031999826431274414
0.031996965408325195
0.03199934959411621
0.03100419044494629
0.032000064849853516
0.030029296875
0.0319674015045166
0.02896738052368164
0.031030654907226562
0.03199934959411621
0.030962705612182617
0.03297686576843262
0.03103351593017578
0.03099346160888672
0.032993316650390625
0.0320127010345459
0.03303384780883789
0.032010793685913086
0.03397822380065918
0.030997753143310547
0.03296995162963867
0.03200387954711914
0.033035993576049805
0.02996516227722168
0.03396940231323242
0.032006025314331055
0.032970428466796875
0.03297710418701172
0.033997535705566406
0.031000375747680664
0.03299856185913086
0.03199934959411621
0.03297591209411621
0.03101038932800293
0.030034303665161133
0.029997587203979492
0.03397488594055176
0.03299593925476074
0.0320134162902832
0.03097677230834961
0.03200078010559082
0.030999422073364258
0.03200840950012207
0.030986309051513672
0.03300023078918457
0.030997753143310547
0.0319981575012207
0.03300046920776367
0.03299713134765625
0.0319981575012207
0.031001567840576172
0.030999422073364258
0.032015085220336914
0.031046152114868164
0.031002521514892578
0.031032800674438477
0.03199195861816406
0.03196525573730469
0.03201556205749512
0.03099679946899414
0.03203010559082031
0.032012939453125
0.0330049991607666
0.03203082084655762
0.03400063514709473
0.03199434280395508
0.031000852584838867
0.032009124755859375
0.03400135040283203
0.03099989891052246
0.03200244903564453
0.03199934959411621
0.03200078010559082
0.03198671340942383
0.032006263732910156
0.03299975395202637
0.03296780586242676
0.03200078010559082
0.030983924865722656
0.031996726989746094
0.03203320503234863
0.0319981575012207
0.03099799156188965
0.03199958801269531
0.030998706817626953
0.03200078010559082
0.03400015830993652
0.03099989891052246
0.03299903869628906
0.032007694244384766
0.03301048278808594
0.030998945236206055
0.032000064849853516
0.029999732971191406
0.03299880027770996
0.030001401901245117
0.030985355377197266
0.03100132942199707
0.03399991989135742
0.030999183654785156
0.032006025314331055
0.03203129768371582
0.031006336212158203
0.030986309051513672
0.033982038497924805
0.03200554847717285
0.03300046920776367
0.03200173377990723
0.031000137329101562
0.029999971389770508
0.031000137329101562
0.030997753143310547
0.03201436996459961
0.030997514724731445
0.0319981575012207
0.03199911117553711
0.030998706817626953
0.03197836875915527
0.033994436264038086
0.031011104583740234
0.032999277114868164
0.031999826431274414
0.03399944305419922
0.030004024505615234
0.031998634338378906
0.03198051452636719
0.03197073936462402
0.0319979190826416
0.03198552131652832
0.03100109100341797
0.031000375747680664
0.03200030326843262
0.03302431106567383
0.030974388122558594
0.031017303466796875
0.030975341796875
0.032999277114868164
0.032029151916503906
0.032978057861328125
0.03000187873840332
0.03296375274658203
0.031016111373901367
0.03298616409301758
0.03102397918701172
0.03297734260559082
0.03098893165588379
0.03296661376953125
0.030997276306152344
0.030988693237304688
0.03203225135803223
0.0329592227935791
0.03197431564331055
0.031998395919799805
0.03200936317443848
0.0340116024017334
0.031000137329101562
0.03300666809082031
0.03099226951599121
0.03299713134765625
0.02999091148376465
0.032033681869506836
0.029996395111083984
0.03099370002746582
0.030027389526367188
0.0319976806640625
0.02999091148376465
0.0319981575012207
0.030983924865722656
0.0309751033782959
0.031005144119262695
0.03300070762634277
0.03099966049194336
0.03200387954711914
0.03199887275695801
0.030989646911621094
0.03299140930175781
0.031000137329101562
0.032993316650390625
0.0319972038269043
0.03196310997009277
0.03300070762634277
0.0319972038269043
0.03399920463562012
0.02999138832092285
0.03398394584655762
0.031996726989746094
0.031999826431274414
0.030998945236206055
0.03400588035583496
0.03199338912963867
0.03400063514709473
0.031999826431274414
0.03299975395202637
0.030998706817626953
0.03399991989135742
0.03099966049194336
0.032999515533447266
0.031000614166259766
0.03200101852416992
0.03099846839904785
0.032000064849853516
0.03200197219848633
0.03296804428100586
0.029984474182128906
0.033971548080444336
0.032997846603393555
0.031998395919799805
0.032001495361328125
0.03300046920776367
0.03200054168701172
0.03299999237060547
0.03200078010559082
0.0330045223236084
0.030977725982666016
0.03399968147277832
0.02999734878540039
0.03200054168701172
0.033004045486450195
0.03299760818481445
0.030997276306152344
0.032000064849853516
0.03003406524658203
0.031974077224731445
0.031998395919799805
0.032997846603393555
0.030028343200683594
0.032036542892456055
0.03199648857116699
0.03200078010559082
0.03300046920776367
0.03199648857116699
0.03201103210449219
0.031987667083740234
0.032000064849853516
0.03203701972961426
0.03197073936462402
0.03398633003234863
0.03099513053894043
0.03300738334655762
0.031998395919799805
0.03300142288208008
0.032962799072265625
0.03298616409301758
0.03101658821105957
0.03200387954711914
0.03099822998046875
0.03199648857116699
0.031005382537841797
0.033032894134521484
0.029974699020385742
0.03102850914001465
0.030968666076660156
0.032010555267333984
0.030988693237304688
0.031999826431274414
0.03196358680725098
0.03296709060668945
0.03199934959411621
0.03299975395202637
0.029972553253173828
0.03198647499084473
0.031009435653686523
0.031001806259155273
0.030996322631835938
0.03201127052307129
0.030986547470092773
0.03098583221435547
0.03200554847717285
0.032994747161865234
0.030999422073364258
0.03200078010559082
0.03098917007446289
0.031996965408325195
0.031000137329101562
0.03300070762634277
0.030999183654785156
0.031999826431274414
0.031000375747680664
0.032999515533447266
0.031998395919799805
0.03300023078918457
0.03198885917663574
0.03299880027770996
0.029000520706176758
0.031984567642211914
0.03200054168701172
0.03299307823181152
0.031998634338378906
0.03301239013671875
0.03098583221435547
0.03199911117553711
0.031999826431274414
0.03300166130065918
0.030998945236206055
0.0310060977935791
0.031992197036743164
0.033998727798461914
0.03200101852416992
0.031998634338378906
0.031012773513793945
0.03399944305419922
0.0299985408782959
0.03300046920776367
0.03199911117553711
0.032003164291381836
0.030996084213256836
0.031998395919799805
0.030998706817626953
0.030998945236206055
0.03000020980834961
0.03300142288208008
0.032997846603393555
0.03299832344055176
0.029999256134033203
0.03299903869628906
0.03199934959411621
0.031002044677734375
0.029999732971191406
0.030999183654785156
0.029998302459716797
0.032000064849853516
0.02900099754333496
0.030999183654785156
0.031004905700683594
0.03199958801269531
0.030995845794677734
0.03100109100341797
0.030992984771728516
0.03200197219848633
0.0319981575012207
0.01399993896484375
0.03099799156188965
0.03200364112854004
0.03199887275695801
0.03300118446350098
0.0319979190826416
0.032002925872802734
0.029998064041137695
0.03100728988647461
0.03199911117553711
0.030997514724731445
0.031999826431274414
0.03198838233947754
0.0299985408782959
0.029998302459716797
0.031000137329101562
0.03200030326843262
0.03000044822692871
0.030001401901245117
0.03099966049194336
0.03200221061706543
0.030999183654785156
0.030998945236206055
0.031999826431274414
0.0319981575012207
0.031000375747680664
0.03200387954711914
0.030996084213256836
0.031012296676635742
0.03099989891052246
0.03300118446350098
0.031005144119262695
0.030999183654785156
0.030995607376098633
0.03299880027770996
0.031999826431274414
0.031998634338378906
0.03099989891052246
0.03300023078918457
0.03199911117553711
0.030999183654785156
0.03099966049194336
0.03199911117553711
0.031999826431274414
0.03200578689575195
0.031003713607788086
0.03299975395202637
0.03300023078918457
0.03300309181213379
0.030995845794677734
0.031998395919799805
0.03100109100341797
0.0319976806640625
0.030988693237304688
0.03099846839904785
0.03099989891052246
0.03300046920776367
0.030999183654785156
0.03099846839904785
0.03199958801269531
0.03199958801269531
0.02899909019470215
0.03200101852416992
0.030999183654785156
0.031998634338378906
0.03199911117553711
0.031002283096313477
0.0319979190826416
0.03398919105529785
0.03099966049194336
0.0319976806640625
0.03000640869140625
0.03299880027770996
0.031999826431274414
0.03400015830993652
0.031004905700683594
0.03199911117553711
0.032000064849853516
0.03201484680175781
0.03101181983947754
0.03299880027770996
0.03101515769958496
0.0319972038269043
0.030999183654785156
0.03099989891052246
0.02999258041381836
0.03299999237060547
0.031000375747680664
0.03401350975036621
0.030986785888671875
0.030999183654785156
0.031000137329101562
0.033000946044921875
0.031002044677734375
0.06300044059753418
0.029997825622558594
0.030003070831298828
0.031999826431274414
0.03099846839904785
0.0299985408782959
0.029000282287597656
0.03100132942199707
0.029999494552612305
0.029029130935668945
0.030991792678833008
0.0319972038269043
0.0310060977935791
0.030997753143310547
0.02999114990234375
0.03299975395202637
0.03100109100341797
0.03302764892578125
0.03100299835205078
0.03199911117553711
0.03197312355041504
0.03197503089904785
0.031010150909423828
0.03200554847717285
0.03099822998046875
0.03300046920776367
0.030004501342773438
0.031999826431274414
0.029997587203979492
0.030977249145507812
0.03299713134765625
0.03399944305419922
0.03099989891052246
0.03397774696350098
0.030997514724731445
0.03199958801269531
0.032000064849853516
0.032022953033447266
0.029999971389770508
0.03199934959411621
0.03203392028808594
0.03299880027770996
0.031000614166259766
0.03302168846130371
0.03297567367553711
0.03194761276245117
0.029997587203979492
0.03299832344055176
0.03099799156188965
0.032999277114868164
0.03200101852416992
0.03199362754821777
0.0299990177154541
0.0319979190826416
0.031000137329101562
0.03299856185913086
0.029999732971191406
0.03099966049194336
0.02999734878540039
0.03299999237060547
0.031998634338378906
0.03099966049194336
0.03200078010559082
0.03099799156188965
0.03201413154602051
0.03399920463562012
0.030999183654785156
0.03099799156188965
0.031000375747680664
0.03199934959411621
0.030997753143310547
0.031999826431274414
0.03199958801269531
0.03200078010559082
0.030011892318725586
0.03299903869628906
0.03299999237060547
0.03299832344055176
0.03000044822692871
0.033002376556396484
0.031998395919799805
0.032013893127441406
0.03199958801269531
0.03299903869628906
0.032000064849853516
0.0319976806640625
0.031000614166259766
0.03099513053894043
0.030997514724731445
0.03199052810668945
0.03199911117553711
0.03300023078918457
0.031998634338378906
0.0310056209564209
0.03299236297607422
0.03299856185913086
0.029999494552612305
0.03200888633728027
0.030991792678833008
0.03200030326843262
0.03099799156188965
0.032000064849853516
0.03100109100341797
0.03300118446350098
0.030998945236206055
0.031001806259155273
0.031009197235107422
0.03298807144165039
0.031998395919799805
0.033014535903930664
0.03098773956298828
0.031995534896850586
0.03198528289794922
0.03200078010559082
0.030999422073364258
0.031001567840576172
0.03099989891052246
0.03300070762634277
0.030999183654785156
0.033037662506103516
0.032004594802856445
0.032999277114868164
0.031029224395751953
0.031000852584838867
0.03199958801269531
0.031987667083740234
0.03100109100341797
0.03300738334655762
0.030993938446044922
0.03199911117553711
0.03000187873840332
0.031000375747680664
0.03099822998046875
0.03200030326843262
0.032999515533447266
0.03200197219848633
0.032001495361328125
0.032998085021972656
0.030997037887573242
0.03399991989135742
0.030996322631835938
0.031012535095214844
0.03297090530395508
0.031998634338378906
0.030005455017089844
0.0319976806640625
0.031000614166259766
0.03299665451049805
0.0299985408782959
0.03199887275695801
0.032000064849853516
0.03200030326843262
0.03000020980834961
0.031999826431274414
0.031013011932373047
0.03299903869628906
0.030998706817626953
0.0319974422454834
0.031000137329101562
0.030999422073364258
0.03000044822692871
0.030999183654785156
0.03000164031982422
0.03299975395202637
0.030998706817626953
0.03299903869628906
0.031000614166259766
0.030996322631835938
0.030986309051513672
0.031995534896850586
0.03101205825805664
0.03201031684875488
0.03098750114440918
0.03199052810668945
0.031001806259155273
0.033007144927978516
0.0309908390045166
0.033000946044921875
0.032007694244384766
0.031000852584838867
0.029999971389770508
0.02999711036682129
0.035997629165649414
0.03300046920776367
0.029999494552612305
0.032003164291381836
0.031998634338378906
0.031001567840576172
0.029998064041137695
0.030998706817626953
0.031987905502319336
0.03300070762634277
0.03099966049194336
0.03199958801269531
0.03100752830505371
0.033003807067871094
0.03199362754821777
0.03099822998046875
0.031000375747680664
0.03199887275695801
0.02899956703186035
0.032993316650390625
0.03099989891052246
0.03399968147277832
0.0320134162902832
0.032993316650390625
0.033000946044921875
0.03200364112854004
0.031012535095214844
0.03099370002746582
0.031000614166259766
0.03301596641540527
0.03098440170288086
0.030999183654785156
0.03300046920776367
0.03199124336242676
0.031998634338378906
0.031007051467895508
0.03199934959411621
0.030997276306152344
0.03099989891052246
0.03198552131652832
0.030999422073364258
0.03200888633728027
0.029964685440063477
0.03299999237060547
0.03099989891052246
0.03199887275695801
0.02996540069580078
0.032970428466796875
0.03101801872253418
0.03201580047607422
0.031000852584838867
0.031000137329101562
0.030997276306152344
0.03100442886352539
0.032998085021972656
0.03300118446350098
0.0299990177154541
0.03299736976623535
0.03299975395202637
0.03200030326843262
0.030999422073364258
0.03200888633728027
0.03103494644165039
0.03200054168701172
0.030997514724731445
0.03200030326843262
0.03099966049194336
0.03198552131652832
0.03100109100341797
0.03300023078918457
0.03098750114440918
0.03301048278808594
0.030997276306152344
0.031967878341674805
0.03197026252746582
0.03197336196899414
0.030976533889770508
0.03400301933288574
0.03199267387390137
0.03400135040283203
0.03199911117553711
0.0329897403717041
0.03296923637390137
0.0330042839050293
0.029982805252075195
0.03298592567443848
0.032000064849853516
0.030994653701782227
0.030000925064086914
0.03200173377990723
0.02999711036682129
0.03199934959411621
0.03200721740722656
0.03299832344055176
0.03099989891052246
0.03099989891052246
0.030997276306152344
0.016000747680664062
0.032998085021972656
0.03299856185913086
0.03299975395202637
0.03199124336242676
0.031007051467895508
0.030997276306152344
0.03200030326843262
0.03301358222961426
0.03198575973510742
0.031998395919799805
0.031000375747680664
0.031996965408325195
0.03099656105041504
0.03397774696350098
0.03099989891052246
0.030975341796875
0.031011343002319336
0.032033443450927734
0.03099966049194336
0.03200697898864746
0.030991077423095703
0.03100132942199707
0.03100895881652832
0.03200197219848633
0.031998395919799805
0.030998945236206055
0.032013654708862305
0.03098750114440918
0.032000064849853516
0.0319981575012207
0.03200244903564453
0.032999515533447266
0.031000614166259766
0.0319979190826416
0.03099989891052246
0.03399944305419922
0.029999494552612305
0.03099989891052246
0.03200030326843262
0.033002614974975586
0.030997514724731445
0.03301119804382324
0.03098893165588379
0.03201103210449219
0.029999494552612305
0.031000375747680664
0.0319981575012207
0.03303790092468262
0.03098011016845703
0.030966997146606445
0.03097367286682129
0.0319974422454834
0.029998779296875
0.031998395919799805
0.032000064849853516
0.03199934959411621
0.03000020980834961
0.03200864791870117
0.032009124755859375
0.031000375747680664
0.03099989891052246
0.03200101852416992
0.03099966049194336
0.03300046920776367
0.032997846603393555
0.031999826431274414
0.031014442443847656
0.03200030326843262
0.03099799156188965
0.030999183654785156
0.03199911117553711
0.033998966217041016
0.031000375747680664
0.03299999237060547
0.031998634338378906
0.03497886657714844
0.03099513053894043
0.03099226951599121
0.03099989891052246
0.033013343811035156
0.03099989891052246
0.032999277114868164
0.03299999237060547
0.03301215171813965
0.03198671340942383
0.03400063514709473
0.03200030326843262
0.034000396728515625
0.03098154067993164
0.031998634338378906
0.030998945236206055
0.03301262855529785
0.030013561248779297
0.0319981575012207
0.03099989891052246
0.031999826431274414
0.031012773513793945
0.03299975395202637
0.032000064849853516
0.03300356864929199
0.03099536895751953
0.03299999237060547
0.03199887275695801
0.03299736976623535
0.030999422073364258
0.03300142288208008
0.031012535095214844
0.032999515533447266
0.03199934959411621
0.03099966049194336
0.031998395919799805
0.03200101852416992
0.030000686645507812
0.033002376556396484
0.031011343002319336
0.031987905502319336
0.031998634338378906
0.032006263732910156
0.03099679946899414
0.03199911117553711
0.030998706817626953
0.03199625015258789
0.030987977981567383
0.032988548278808594
0.03200507164001465
0.03200054168701172
0.03199911117553711
0.032998085021972656
0.031034231185913086
0.032029151916503906
0.03101325035095215
0.03199887275695801
0.03102254867553711
0.031998395919799805
0.03099822998046875
0.05899977684020996
0.029999971389770508
0.02997279167175293
0.03299999237060547
0.03001260757446289
0.029997587203979492
0.0299990177154541
0.03100872039794922
0.03199172019958496
0.03000020980834961
0.03000020980834961
0.032000064849853516
0.030998706817626953
0.03200364112854004
0.029994487762451172
0.031992197036743164
0.03099966049194336
0.03301191329956055
0.031987905502319336
0.03299880027770996
0.0320131778717041
0.03299856185913086
0.03199958801269531
0.03299903869628906
0.03200244903564453
0.03400897979736328
0.030000686645507812
0.029997587203979492
0.029999971389770508
0.03301429748535156
0.03098464012145996
0.029998302459716797
0.03100109100341797
0.03198742866516113
0.029998064041137695
0.03000044822692871
0.0319976806640625
0.03197431564331055
0.028999805450439453
0.033002614974975586
0.03199887275695801
0.03198742866516113
0.03199625015258789
0.03199934959411621
0.029998302459716797
0.03200054168701172
0.03199172019958496
0.03299760818481445
0.029974937438964844
0.033998966217041016
0.03099846839904785
0.03299593925476074
0.03199958801269531
0.032027244567871094
0.028977155685424805
0.03202462196350098
0.031999826431274414
0.03200078010559082
0.03098583221435547
0.03297710418701172
0.030991315841674805
0.031000614166259766
0.030995845794677734
0.030996084213256836
0.03203010559082031
0.03199887275695801
0.031031131744384766
0.03396868705749512
0.03300023078918457
0.03199338912963867
0.030000686645507812
0.031995534896850586
0.030998945236206055
0.0319979190826416
0.031000614166259766
0.03199911117553711
0.030999422073364258
0.03099989891052246
0.03199911117553711
0.032001495361328125
0.030999422073364258
0.03099799156188965
0.03099846839904785
0.03199934959411621
0.03200984001159668
0.03299760818481445
0.03199958801269531
0.03198647499084473
0.03099989891052246
0.031998634338378906
0.03099989891052246
0.03200364112854004
0.030995845794677734
0.0319974422454834
0.03100895881652832
0.03099799156188965
0.02899956703186035
0.033002614974975586
0.03098607063293457
0.03099846839904785
0.03099966049194336
0.03299975395202637
0.03099822998046875
0.033013105392456055
0.031987905502319336
0.03299856185913086
0.03099966049194336
0.03400158882141113
0.03200125694274902
0.032029151916503906
0.0309751033782959
0.03400111198425293
0.03103327751159668
0.03299450874328613
0.03299522399902344
0.03199625015258789
0.03196239471435547
0.03299903869628906
0.030998706817626953
0.03300070762634277
0.029999732971191406
0.0320131778717041
0.029999971389770508
0.03199958801269531
0.03200101852416992
0.0319976806640625
0.03000664710998535
0.032000064849853516
0.03199958801269531
0.03199481964111328
0.031998634338378906
0.03299236297607422
0.030988454818725586
0.034000396728515625
0.031007051467895508
0.033998727798461914
0.03099989891052246
0.03400087356567383
0.030998706817626953
0.03201627731323242
0.03199028968811035
0.032999515533447266
0.030983686447143555
0.03300070762634277
0.028997421264648438
0.029997825622558594
0.030999183654785156
0.03199934959411621
0.031000137329101562
0.0330045223236084
0.030994892120361328
0.029997587203979492
0.03099846839904785
0.03299975395202637
0.031000137329101562
0.031000614166259766
0.030999183654785156
0.031001806259155273
0.03199958801269531
0.030002117156982422
0.030999183654785156
0.0319974422454834
0.03199958801269531
0.032994985580444336
0.032000064849853516
0.033005714416503906
0.03299283981323242
0.034000396728515625
0.030997037887573242
0.03299975395202637
0.03199911117553711
0.033011436462402344
0.030997753143310547
0.030996084213256836
0.030999183654785156
0.03200030326843262
0.030999183654785156
0.03201174736022949
0.030986785888671875
0.03199911117553711
0.031000137329101562
0.032013893127441406
0.03198742866516113
0.03202629089355469
0.0319979190826416
0.03301358222961426
0.030997753143310547
0.030998706817626953
0.030998945236206055
0.030997753143310547
0.031999826431274414
0.03400993347167969
0.0309908390045166
0.032999277114868164
0.03200054168701172
0.03302645683288574
0.03197479248046875
0.03302359580993652
0.0319674015045166
0.032999515533447266
0.030989646911621094
0.032998085021972656
0.03099846839904785
0.03300046920776367
0.030998706817626953
0.0319976806640625
0.030970096588134766
0.03200578689575195
0.03199338912963867
0.03299856185913086
0.029999732971191406
0.03300023078918457
0.03200984001159668
0.03299880027770996
0.03000020980834961
0.030985355377197266
0.03099989891052246
0.03199958801269531
0.031000614166259766
0.032000064849853516
0.030999183654785156
0.0299985408782959
0.03200101852416992
0.0319979190826416
0.03299903869628906
0.032997846603393555
0.031996726989746094
0.03100299835205078
0.031996726989746094
0.030997514724731445
0.032000064849853516
0.03298687934875488
0.029998302459716797
0.031999826431274414
0.030998945236206055
0.03199911117553711
0.03099989891052246
0.014999151229858398
