4.100295066833496
0.10602855682373047
0.07699894905090332
0.03600049018859863
0.03600192070007324
0.0789937973022461
0.05900120735168457
0.03700971603393555
0.035003662109375
0.037000179290771484
0.05699801445007324
0.057999372482299805
0.04199838638305664
0.03599858283996582
0.03499770164489746
0.03599977493286133
0.03599858283996582
0.03298616409301758
0.03200244903564453
0.03599882125854492
0.03699922561645508
0.03800082206726074
0.03499889373779297
0.032990455627441406
0.032999277114868164
0.03299999237060547
0.04999732971191406
0.031000375747680664
0.0319979190826416
0.06299901008605957
0.06999945640563965
0.03299832344055176
0.031000852584838867
0.03299856185913086
0.030999183654785156
0.03401374816894531
0.039987802505493164
0.03199887275695801
0.03400015830993652
0.032001495361328125
0.030999422073364258
0.03199934959411621
0.05699920654296875
0.03299880027770996
0.03099989891052246
0.04599142074584961
0.057997703552246094
0.06500077247619629
0.03599953651428223
0.03099799156188965
0.03200101852416992
0.032010555267333984
0.03299713134765625
0.05099344253540039
0.04000067710876465
0.03400063514709473
0.04600024223327637
0.03599834442138672
0.030000925064086914
0.029998064041137695
0.06899714469909668
0.030995845794677734
0.0299990177154541
0.031000137329101562
0.03199887275695801
0.03299450874328613
0.03200078010559082
0.032998085021972656
0.031000375747680664
0.03200244903564453
0.03099799156188965
0.031002521514892578
0.031000614166259766
0.03200340270996094
0.03099536895751953
0.03200030326843262
0.030997753143310547
0.03199911117553711
0.03300166130065918
0.030997753143310547
0.029995441436767578
0.03199195861816406
0.032000064849853516
0.031996965408325195
0.029987335205078125
0.03098893165588379
0.029999732971191406
0.0319972038269043
0.03101181983947754
0.03300118446350098
0.032999277114868164
0.0319979190826416
0.029997587203979492
0.03299212455749512
0.030998706817626953
0.031002283096313477
0.03099822998046875
0.029997587203979492
0.03200054168701172
0.0319974422454834
0.031000137329101562
0.031998634338378906
0.027997493743896484
0.031000852584838867
0.03300070762634277
0.0319976806640625
0.029998302459716797
0.03500008583068848
0.03400230407714844
0.03600287437438965
0.033998727798461914
0.04199957847595215
0.03399968147277832
0.03499627113342285
0.03999686241149902
0.035989999771118164
0.031998395919799805
0.03999805450439453
0.03599858283996582
0.05099844932556152
0.03699946403503418
0.034999847412109375
0.03300023078918457
0.03299856185913086
0.03399991989135742
0.032999515533447266
0.031998395919799805
0.029999494552612305
0.031999826431274414
0.029996871948242188
0.033998727798461914
0.03099370002746582
0.032996416091918945
0.02999734878540039
0.030997037887573242
0.0299985408782959
0.03199934959411621
0.030002593994140625
0.031000852584838867
0.029000282287597656
0.03200078010559082
0.03199887275695801
0.03400015830993652
0.029996395111083984
0.028997182846069336
0.031999826431274414
0.033998727798461914
0.030999422073364258
0.032999515533447266
0.03200054168701172
0.03199911117553711
0.029998064041137695
0.029998302459716797
0.02999711036682129
0.031998634338378906
0.0299990177154541
0.029999494552612305
0.031000614166259766
0.03199934959411621
0.030996084213256836
0.030997037887573242
0.030997514724731445
0.03099822998046875
0.03299975395202637
0.0299985408782959
0.029999971389770508
0.031000852584838867
0.02899909019470215
0.03300023078918457
0.030011892318725586
0.03199934959411621
0.030006885528564453
0.03200101852416992
0.0319981575012207
0.03399825096130371
0.031000375747680664
0.030997037887573242
0.030998945236206055
0.03103017807006836
0.03097367286682129
0.03299760818481445
0.030997514724731445
0.030999183654785156
0.030999422073364258
0.0319979190826416
0.031000614166259766
0.03300023078918457
0.03099846839904785
0.03299999237060547
0.03400921821594238
0.032999515533447266
0.03399944305419922
0.03299832344055176
0.03300166130065918
0.032999277114868164
0.03500032424926758
0.03400444984436035
0.030999183654785156
0.030999422073364258
0.029999256134033203
0.03500008583068848
0.03099799156188965
0.03299880027770996
0.03099966049194336
0.03200054168701172
0.03199958801269531
0.03300118446350098
0.030997514724731445
0.030002593994140625
0.030997514724731445
0.0319974422454834
0.02899932861328125
0.03000020980834961
0.030998945236206055
0.032999277114868164
0.0319979190826416
0.029999971389770508
0.03200078010559082
0.033998966217041016
0.02999711036682129
0.03599858283996582
0.03199887275695801
0.03599691390991211
0.030996084213256836
0.03399968147277832
0.03099656105041504
0.035001516342163086
0.03299665451049805
0.03800010681152344
0.029998302459716797
0.032997846603393555
0.031999826431274414
0.03900313377380371
0.030997276306152344
0.031012296676635742
0.032988786697387695
0.032999515533447266
0.030997753143310547
0.030997276306152344
0.029989957809448242
0.031996726989746094
0.03200101852416992
0.03200078010559082
0.03099799156188965
0.030999422073364258
0.029999971389770508
0.03099799156188965
0.030999422073364258
0.029000043869018555
0.04899954795837402
0.0370023250579834
0.029999971389770508
0.03199911117553711
0.03899788856506348
0.0319981575012207
0.031002521514892578
0.033994197845458984
0.028998851776123047
0.0299990177154541
0.029000043869018555
0.032001495361328125
0.02899789810180664
0.03300046920776367
0.029996156692504883
0.03099822998046875
0.028998613357543945
0.029998779296875
0.028998613357543945
0.031004905700683594
0.03099679946899414
0.032003164291381836
0.0319976806640625
0.03098273277282715
0.03199911117553711
0.031987667083740234
0.030998945236206055
0.0319979190826416
0.030999422073364258
0.03099799156188965
0.032999515533447266
0.03199911117553711
0.03199911117553711
0.0299990177154541
0.031009435653686523
0.032000064849853516
0.032007455825805664
0.03299665451049805
0.03200387954711914
0.032998085021972656
0.03299975395202637
0.032997846603393555
0.03099799156188965
0.03300046920776367
0.0319979190826416
0.030999183654785156
0.04899740219116211
0.03899645805358887
0.05499982833862305
0.03599905967712402
0.029996633529663086
0.03199958801269531
0.03000020980834961
0.030998945236206055
0.03000020980834961
0.031029939651489258
0.02900075912475586
0.02999711036682129
0.02999567985534668
0.0319981575012207
0.03400301933288574
0.03299832344055176
0.029997587203979492
0.0319979190826416
0.032996416091918945
0.03700113296508789
0.0339970588684082
0.05099940299987793
0.042998552322387695
0.03399825096130371
0.037999868392944336
0.035015106201171875
0.03500008583068848
0.03299880027770996
0.03200340270996094
0.0339970588684082
0.029989004135131836
0.03299999237060547
0.03299665451049805
0.03500032424926758
0.03099846839904785
0.0429997444152832
0.04699897766113281
0.04999876022338867
0.03499889373779297
0.03200054168701172
0.03299760818481445
0.029999971389770508
0.03199625015258789
0.030997514724731445
0.03299903869628906
0.031998395919799805
0.030008554458618164
0.030002117156982422
0.0529940128326416
0.0319972038269043
0.02899909019470215
0.031999826431274414
0.0299985408782959
0.03500080108642578
0.0319976806640625
0.03199911117553711
0.03099846839904785
0.0339970588684082
0.03099846839904785
0.033000946044921875
0.0359959602355957
0.03399944305419922
0.031998634338378906
0.035997867584228516
0.0319976806640625
0.03300046920776367
0.03299832344055176
0.03599667549133301
0.030986309051513672
0.032997846603393555
0.03500175476074219
0.03399777412414551
0.032999277114868164
0.03799915313720703
0.03399658203125
0.03400087356567383
0.03200078010559082
0.03299880027770996
0.04600238800048828
0.07099795341491699
0.041001319885253906
0.03299856185913086
0.03199577331542969
0.031999826431274414
0.030996084213256836
0.057004690170288086
0.03000044822692871
0.029998302459716797
0.032999515533447266
0.03101038932800293
0.03099846839904785
0.031000137329101562
0.029999732971191406
0.0279996395111084
0.029995203018188477
0.03099966049194336
0.0299985408782959
0.029000043869018555
0.03099679946899414
0.030001401901245117
0.03299903869628906
0.029999256134033203
0.03099799156188965
0.03199338912963867
0.03299832344055176
0.03199887275695801
0.031998634338378906
0.032000064849853516
0.03198838233947754
0.03101062774658203
0.0319972038269043
0.03099966049194336
0.03300309181213379
0.030995607376098633
0.031000852584838867
0.03200244903564453
0.032996416091918945
0.03001117706298828
0.03099989891052246
0.0300137996673584
0.03099846839904785
0.032996416091918945
0.03199934959411621
0.03300285339355469
0.032001495361328125
0.03199648857116699
0.0319972038269043
0.0319972038269043
0.03399777412414551
0.03199934959411621
0.030002117156982422
0.031996726989746094
0.030995845794677734
0.0319972038269043
0.032999515533447266
0.03099226951599121
0.03200364112854004
0.03300070762634277
0.034001827239990234
0.031000852584838867
0.03300046920776367
0.030999183654785156
0.032998085021972656
0.03200054168701172
0.034000396728515625
0.030000925064086914
0.0359952449798584
0.03200030326843262
0.03299856185913086
0.03100132942199707
0.033998966217041016
0.031998395919799805
0.07200217247009277
0.03200078010559082
0.036998748779296875
0.03600001335144043
0.030002593994140625
0.029999971389770508
0.029997825622558594
0.030002355575561523
0.03200221061706543
0.02999401092529297
0.029998779296875
0.03200221061706543
0.03299880027770996
0.032000064849853516
0.029997825622558594
0.0299990177154541
0.031000137329101562
0.029997825622558594
0.03200197219848633
0.031000137329101562
0.03200078010559082
0.0319981575012207
0.03200125694274902
0.031989336013793945
0.03199887275695801
0.03299903869628906
0.03200078010559082
0.032001495361328125
0.032000064849853516
0.031000375747680664
0.033998727798461914
0.032997846603393555
0.03399848937988281
0.033002376556396484
0.03099966049194336
0.029999732971191406
0.03200197219848633
0.03200030326843262
0.03299760818481445
0.03299570083618164
0.032001495361328125
0.030999422073364258
0.03300189971923828
0.03199887275695801
0.03300046920776367
0.03200054168701172
0.03301382064819336
0.030000686645507812
0.03299999237060547
0.03199911117553711
0.03299999237060547
0.031000614166259766
0.033002614974975586
0.0319976806640625
0.03200101852416992
0.032999515533447266
0.032999515533447266
0.03299999237060547
0.03099822998046875
0.030994176864624023
0.03000020980834961
0.029996871948242188
0.03099846839904785
0.03099799156188965
0.030998945236206055
0.028998374938964844
0.031998395919799805
0.031000137329101562
0.03299975395202637
0.031999826431274414
0.03299379348754883
0.03199887275695801
0.03200125694274902
0.032011985778808594
0.0319976806640625
0.03099989891052246
0.03100728988647461
0.030997037887573242
0.03200197219848633
0.0319976806640625
0.034999847412109375
0.03400897979736328
0.036000967025756836
0.03399801254272461
0.03400158882141113
0.03098583221435547
0.03299736976623535
0.029001712799072266
0.0340118408203125
0.03199911117553711
0.032988786697387695
0.030999183654785156
0.03300118446350098
0.031996726989746094
0.03299999237060547
0.032003164291381836
0.03200244903564453
0.03099989891052246
0.033002614974975586
0.030997753143310547
0.03500032424926758
0.030997514724731445
0.03200244903564453
0.03200531005859375
0.032999515533447266
0.03099822998046875
0.03199911117553711
0.031995534896850586
0.03299880027770996
0.030997753143310547
0.03199958801269531
0.015002012252807617
0.034996747970581055
0.03199887275695801
0.0319976806640625
0.0319972038269043
0.029998779296875
0.030998945236206055
0.030030250549316406
0.030995607376098633
0.030000925064086914
0.03200197219848633
0.03299736976623535
0.030994892120361328
0.03199887275695801
0.03400111198425293
0.0299990177154541
0.034001827239990234
0.03299856185913086
0.033002614974975586
0.03199958801269531
0.030997037887573242
0.037001609802246094
0.03299713134765625
0.030997276306152344
0.032001495361328125
0.03199911117553711
0.03299689292907715
0.030998706817626953
0.03399991989135742
0.03200101852416992
0.032999515533447266
0.032000064849853516
0.0319981575012207
0.029999256134033203
0.03400158882141113
0.032998085021972656
0.030998945236206055
0.029998302459716797
0.030998706817626953
0.032000064849853516
0.0319981575012207
0.029998302459716797
0.029998064041137695
0.030998945236206055
0.029996633529663086
0.031996965408325195
0.030998945236206055
0.031998634338378906
0.031000614166259766
0.03199577331542969
0.03200960159301758
0.032998085021972656
0.03098750114440918
0.0319976806640625
0.03500652313232422
0.03199052810668945
0.03300046920776367
0.03299903869628906
0.03199958801269531
0.030008554458618164
0.031999826431274414
0.030000925064086914
0.031000614166259766
0.029997587203979492
0.03199887275695801
0.03099989891052246
0.029999732971191406
0.029999971389770508
0.030999183654785156
0.029998302459716797
0.03200054168701172
0.03200125694274902
0.030997514724731445
0.03099989891052246
0.03199648857116699
0.03199458122253418
0.02999711036682129
0.03300023078918457
0.0319981575012207
0.029999494552612305
0.032000064849853516
0.028998374938964844
0.031998395919799805
0.032000064849853516
0.034000396728515625
0.03299665451049805
0.032993316650390625
0.03100132942199707
0.03399848937988281
0.030999422073364258
0.03299903869628906
0.03099822998046875
0.03200554847717285
0.02999281883239746
0.03400373458862305
0.030994653701782227
0.03199958801269531
0.030999422073364258
0.03500056266784668
0.02999138832092285
0.028997421264648438
0.029999732971191406
0.030998706817626953
0.02899932861328125
0.031000137329101562
0.029999971389770508
0.031003475189208984
0.030997514724731445
0.030997037887573242
0.029997825622558594
0.03299880027770996
0.02999734878540039
0.030998706817626953
0.02899932861328125
0.03199934959411621
0.031000137329101562
0.0299990177154541
0.031000852584838867
0.03300118446350098
0.03299903869628906
0.035997867584228516
0.03300023078918457
0.034000396728515625
0.03299975395202637
0.031996965408325195
0.03200101852416992
0.03200030326843262
0.03099822998046875
0.031995296478271484
0.030000925064086914
0.034006595611572266
0.03199410438537598
0.0329892635345459
0.03299832344055176
0.03900480270385742
0.04099845886230469
0.036998748779296875
0.03800010681152344
0.0319981575012207
0.03001117706298828
0.031998634338378906
0.029996871948242188
0.029997825622558594
0.03300070762634277
0.03899741172790527
0.05199837684631348
0.04000210762023926
0.027996301651000977
0.03300070762634277
0.03099846839904785
0.029998064041137695
0.028998374938964844
0.031000375747680664
0.029999971389770508
0.031003236770629883
0.029996156692504883
0.029998302459716797
0.03199958801269531
0.03199648857116699
0.030999183654785156
0.03200054168701172
0.03099846839904785
0.031996726989746094
0.0299985408782959
0.030988454818725586
0.03000020980834961
0.033008575439453125
0.03000044822692871
0.03200125694274902
0.03200078010559082
0.03300142288208008
0.03199887275695801
0.03399968147277832
0.03499913215637207
0.03300023078918457
0.030999422073364258
0.03499770164489746
0.03100132942199707
0.032998085021972656
0.03099989891052246
0.0339970588684082
0.03300046920776367
0.039003849029541016
0.032996416091918945
0.038999319076538086
0.03399920463562012
0.03099799156188965
0.03299427032470703
0.03200221061706543
0.03299665451049805
0.03099536895751953
0.034000396728515625
0.032012224197387695
0.032999515533447266
0.03200101852416992
0.06700444221496582
0.09099769592285156
0.042999267578125
0.03300166130065918
0.031999826431274414
0.032002925872802734
0.03299736976623535
0.031999826431274414
0.03300023078918457
0.03099966049194336
0.04100227355957031
0.05799984931945801
0.042997121810913086
0.04399824142456055
0.03399968147277832
0.03099822998046875
0.032004594802856445
0.03099822998046875
0.03199934959411621
0.02899932861328125
0.0319974422454834
0.030999422073364258
0.03000020980834961
0.033003807067871094
0.032999515533447266
0.02900075912475586
0.03199958801269531
0.031000137329101562
0.03299975395202637
0.03199625015258789
0.03499436378479004
0.032997846603393555
0.031998634338378906
0.0319974422454834
0.0319974422454834
0.029988527297973633
0.03099513053894043
0.04300284385681152
0.05899763107299805
0.03400111198425293
0.031000375747680664
0.03099679946899414
0.03699636459350586
0.03000164031982422
0.03099846839904785
0.030997753143310547
0.030998945236206055
0.02999711036682129
0.030995607376098633
0.03200030326843262
0.0299990177154541
0.030998706817626953
0.0299990177154541
0.03000020980834961
0.0319981575012207
0.03200054168701172
0.03200721740722656
0.029997587203979492
0.03200936317443848
0.03199172019958496
0.032999515533447266
0.030999183654785156
0.032999515533447266
0.030002355575561523
0.03300046920776367
0.03200650215148926
0.031000137329101562
0.03200721740722656
0.03300189971923828
0.03099536895751953
0.03299832344055176
0.028996944427490234
0.030997276306152344
0.02999591827392578
0.03300023078918457
0.03099989891052246
0.03200817108154297
0.03299140930175781
0.032000064849853516
0.029999971389770508
0.0319972038269043
0.03101205825805664
0.03600049018859863
0.03200721740722656
0.032996416091918945
0.03100109100341797
0.0319979190826416
0.03200054168701172
0.03299713134765625
0.031002283096313477
0.0319981575012207
0.0339968204498291
0.03199934959411621
0.032000064849853516
0.032999277114868164
0.029999494552612305
0.03299760818481445
0.029999256134033203
0.031996965408325195
0.0319974422454834
0.031998395919799805
0.03099989891052246
0.03400158882141113
0.030999422073364258
0.03200101852416992
0.030998945236206055
0.03499937057495117
0.03199934959411621
0.0319976806640625
0.03200054168701172
0.03200483322143555
0.027993202209472656
0.03099846839904785
0.045996665954589844
0.05099844932556152
0.030998945236206055
0.03199958801269531
0.03200078010559082
0.03199577331542969
0.0319976806640625
0.031996726989746094
0.03199934959411621
0.03200173377990723
0.03299832344055176
0.05299973487854004
0.03800082206726074
0.03399801254272461
0.07000041007995605
0.030999422073364258
0.03900718688964844
0.03199958801269531
0.033000946044921875
0.03299546241760254
0.030991315841674805
0.030997514724731445
0.0339963436126709
0.03200221061706543
0.03999829292297363
0.03099656105041504
0.06299996376037598
0.06399989128112793
0.0410003662109375
0.03700113296508789
0.031996965408325195
0.03600144386291504
0.03500008583068848
0.04099893569946289
0.03100109100341797
0.03300023078918457
0.05499982833862305
0.03299760818481445
0.033004045486450195
0.036009788513183594
0.0300142765045166
0.03199887275695801
0.03200387954711914
0.03200244903564453
0.03199934959411621
0.03301191329956055
0.033000946044921875
0.03599667549133301
0.032001495361328125
0.03399991989135742
0.03299856185913086
0.0339970588684082
0.03400540351867676
0.033007144927978516
0.03299903869628906
0.036000967025756836
0.03200864791870117
0.03500199317932129
0.03199887275695801
0.03799891471862793
0.03300118446350098
0.03499889373779297
0.03200054168701172
0.034998416900634766
0.03400087356567383
0.032999277114868164
0.029998779296875
0.03200030326843262
0.0410003662109375
0.046999216079711914
0.059996843338012695
0.03299903869628906
0.03099989891052246
0.03499794006347656
0.03299856185913086
0.031983137130737305
0.03099679946899414
0.030997514724731445
0.031998634338378906
0.03299999237060547
0.03499889373779297
0.03400015830993652
0.031998634338378906
0.032002925872802734
0.03300189971923828
0.032998085021972656
0.03299975395202637
0.03299593925476074
0.0319974422454834
0.033000946044921875
0.03899884223937988
0.03299999237060547
0.03299140930175781
0.03600025177001953
0.03299999237060547
0.03399658203125
0.03499865531921387
0.03299999237060547
0.032999515533447266
0.036998748779296875
0.03399157524108887
0.03299975395202637
0.0339963436126709
0.03299903869628906
0.03300189971923828
0.03499913215637207
0.03399991989135742
0.04200148582458496
0.035997867584228516
0.036003828048706055
0.03499603271484375
0.03400111198425293
0.03600358963012695
0.03599977493286133
0.03699946403503418
0.03199958801269531
0.03399848937988281
0.032999515533447266
0.035997629165649414
0.04300284385681152
0.03699851036071777
0.03300070762634277
0.04200148582458496
0.03599834442138672
0.035997629165649414
0.0339961051940918
0.038002729415893555
0.03400087356567383
0.03400135040283203
0.030999422073364258
0.03198575973510742
0.030998706817626953
0.0319976806640625
0.031000614166259766
0.0319976806640625
0.03200221061706543
0.03199887275695801
0.03199958801269531
0.03300023078918457
0.052999019622802734
0.037001609802246094
0.049999237060546875
0.030998945236206055
0.029999256134033203
0.03299975395202637
0.030000686645507812
0.03299832344055176
0.03200387954711914
0.036000967025756836
0.0319979190826416
0.03398776054382324
0.029997587203979492
0.03200125694274902
0.03300166130065918
0.03299903869628906
0.030998945236206055
0.03500223159790039
0.04099917411804199
0.03399968147277832
0.030998706817626953
0.03699946403503418
0.03099679946899414
0.03198432922363281
0.03099822998046875
0.03299856185913086
0.030998706817626953
0.034000396728515625
0.031996726989746094
0.031996965408325195
0.03300070762634277
0.03499960899353027
0.03200173377990723
0.032996177673339844
0.03500008583068848
0.03299760818481445
0.03399848937988281
0.03399920463562012
0.029999732971191406
0.03499937057495117
0.03099846839904785
0.030999183654785156
0.03099989891052246
0.03200221061706543
0.029996871948242188
0.03199911117553711
0.03198814392089844
0.03798484802246094
0.032998085021972656
0.032000064849853516
0.030998706817626953
0.03899645805358887
0.03199911117553711
0.03499770164489746
0.034012556076049805
0.033998966217041016
0.032998085021972656
0.03400278091430664
0.03099679946899414
0.0339970588684082
0.03399777412414551
0.03600120544433594
0.03100132942199707
0.03299546241760254
0.032003164291381836
0.03699779510498047
0.03099203109741211
0.032997846603393555
0.029999732971191406
0.03499960899353027
0.03000044822692871
0.031999826431274414
0.0319976806640625
0.03300046920776367
0.031999826431274414
0.032998085021972656
0.030999183654785156
0.030999183654785156
0.03199887275695801
0.032000064849853516
0.03099966049194336
0.03299856185913086
0.031003236770629883
0.03500986099243164
0.0309906005859375
0.03400373458862305
0.029993772506713867
0.03199911117553711
0.028995513916015625
0.03099656105041504
0.03099989891052246
0.03099846839904785
0.03099846839904785
0.032991886138916016
0.030998706817626953
0.03099536895751953
0.031000137329101562
0.03200054168701172
0.0319974422454834
0.03199958801269531
0.03099966049194336
0.03199601173400879
0.0319981575012207
0.03100275993347168
0.03099989891052246
0.029998779296875
0.03199934959411621
0.03299069404602051
0.03299832344055176
0.03199577331542969
0.029994487762451172
0.03199887275695801
0.015999794006347656
0.03499865531921387
0.03299665451049805
0.030998706817626953
0.033002614974975586
0.0319979190826416
0.03398728370666504
0.031002044677734375
0.032999277114868164
0.03099989891052246
0.03200221061706543
0.029999971389770508
0.03101062774658203
0.030986785888671875
0.031998634338378906
0.02999424934387207
0.03199887275695801
0.03200864791870117
0.03199934959411621
0.03200054168701172
0.03300023078918457
0.03099799156188965
0.03198742866516113
0.03199887275695801
0.03301286697387695
0.03198695182800293
0.033000946044921875
0.0319981575012207
0.03299856185913086
0.03099966049194336
0.03300118446350098
0.03099966049194336
0.031001806259155273
0.03200030326843262
0.03300166130065918
0.031003713607788086
0.031999826431274414
0.032998085021972656
0.03199911117553711
0.03399944305419922
0.0319979190826416
0.031013965606689453
0.03299975395202637
0.03099966049194336
0.031001567840576172
0.02999567985534668
0.032000064849853516
0.03199958801269531
0.03800058364868164
0.03299880027770996
0.031001806259155273
0.030995845794677734
0.029999971389770508
0.029999971389770508
0.030999183654785156
0.031000137329101562
0.03199911117553711
0.030999183654785156
0.03400015830993652
0.030997753143310547
0.031000614166259766
0.031003952026367188
0.03300070762634277
0.031000852584838867
0.03300213813781738
0.031999826431274414
0.03400254249572754
0.029996633529663086
0.029996633529663086
0.02999734878540039
0.0429987907409668
0.0299990177154541
0.03199625015258789
0.03200054168701172
0.03300023078918457
0.03800010681152344
0.036998748779296875
0.03199577331542969
0.031996726989746094
0.030999183654785156
0.03099989891052246
0.031001567840576172
0.0319976806640625
0.03000020980834961
0.031000375747680664
0.02899646759033203
0.030997037887573242
0.028999805450439453
0.030999183654785156
0.03000044822692871
0.03099966049194336
0.029998064041137695
0.03199958801269531
0.02899956703186035
0.030997037887573242
0.031000375747680664
0.03299832344055176
0.03199505805969238
0.03299880027770996
0.031002283096313477
0.03300189971923828
0.0309903621673584
0.033998966217041016
0.02999734878540039
0.03199934959411621
0.031998395919799805
0.032997846603393555
0.029987573623657227
0.03299880027770996
0.031000852584838867
0.0319976806640625
0.031000375747680664
0.030998945236206055
0.029999256134033203
0.031012296676635742
0.03098773956298828
0.03000020980834961
0.029999732971191406
0.031002521514892578
0.030995845794677734
0.03198981285095215
0.0319972038269043
0.03400135040283203
0.0319974422454834
0.03299355506896973
0.032001495361328125
0.03399944305419922
0.031999826431274414
0.03299856185913086
0.030000686645507812
0.032013893127441406
0.030986309051513672
0.03300118446350098
0.03298687934875488
0.032001495361328125
0.031996726989746094
0.03200244903564453
0.02999591827392578
0.030996084213256836
0.03199958801269531
0.03200030326843262
0.030998945236206055
0.03199911117553711
0.029999494552612305
0.030988216400146484
0.029999971389770508
0.030998706817626953
0.03200054168701172
0.03500223159790039
0.04399847984313965
0.07099795341491699
0.04099893569946289
0.029998064041137695
0.032997846603393555
0.028998851776123047
0.03000044822692871
0.029999732971191406
0.03099799156188965
0.03199934959411621
0.03399777412414551
0.033997297286987305
0.03399944305419922
0.03099536895751953
0.03199934959411621
0.03000330924987793
0.03200054168701172
0.029999494552612305
0.030997037887573242
0.03200125694274902
0.031000614166259766
0.029999256134033203
0.03099799156188965
0.03099966049194336
0.031000137329101562
0.030999422073364258
0.040001630783081055
0.03300023078918457
0.02799820899963379
0.0299990177154541
0.032997846603393555
0.029999971389770508
0.030002117156982422
0.031000614166259766
0.0299985408782959
0.030999183654785156
0.03300023078918457
0.030998706817626953
0.0319979190826416
0.029999971389770508
0.030998945236206055
0.029998302459716797
0.03099846839904785
0.03000187873840332
0.031005144119262695
0.029999256134033203
0.030009746551513672
0.030996084213256836
0.030997753143310547
0.032999277114868164
0.03299999237060547
0.030996322631835938
0.03199887275695801
0.0319981575012207
0.03399920463562012
0.03199934959411621
0.032990217208862305
0.031003713607788086
0.03301215171813965
0.031987667083740234
0.03099822998046875
0.03099989891052246
0.031000375747680664
0.031011343002319336
0.031999826431274414
0.030999422073364258
0.031998634338378906
0.0299990177154541
0.031014442443847656
0.03098607063293457
0.03100109100341797
0.032999277114868164
0.031995534896850586
0.03200221061706543
0.03299736976623535
0.029998779296875
0.03500080108642578
0.03099846839904785
0.031999826431274414
0.030998945236206055
0.030997276306152344
0.03100132942199707
0.0319979190826416
0.030998945236206055
0.03299903869628906
0.03099966049194336
0.03199887275695801
0.029998302459716797
0.03000330924987793
0.028995990753173828
0.03099846839904785
0.029997825622558594
0.030998706817626953
0.029000282287597656
0.031998634338378906
0.03000044822692871
0.03199958801269531
0.031999826431274414
0.031000375747680664
0.03099989891052246
0.030997753143310547
0.03300023078918457
0.03199958801269531
0.03200078010559082
0.032999277114868164
0.03200030326843262
0.0319976806640625
0.029998064041137695
0.0319981575012207
0.0299990177154541
0.030999183654785156
0.03099966049194336
0.03300046920776367
0.03299999237060547
0.032000064849853516
0.03099799156188965
0.029995203018188477
0.029998064041137695
0.029998779296875
0.031998634338378906
0.031998395919799805
0.029010772705078125
0.03098607063293457
0.0299985408782959
0.0319981575012207
0.031000375747680664
0.03199338912963867
0.030999422073364258
0.031000852584838867
0.029998302459716797
0.03199911117553711
0.03199625015258789
0.03099846839904785
0.03299689292907715
0.03200221061706543
0.03199577331542969
0.033004045486450195
0.031999826431274414
0.030997276306152344
0.03099656105041504
0.03198695182800293
0.030999422073364258
0.032997846603393555
0.031999826431274414
0.032007694244384766
0.0320127010345459
0.031005144119262695
0.02999258041381836
0.03299736976623535
0.03100275993347168
0.030985355377197266
0.03000020980834961
0.03199887275695801
0.03099989891052246
0.03099846839904785
0.028989791870117188
0.0319979190826416
0.03201007843017578
0.0319981575012207
0.03199958801269531
0.032000064849853516
0.033000946044921875
0.03299760818481445
0.02999734878540039
0.03299999237060547
0.032007455825805664
0.032999277114868164
0.03300046920776367
0.03199934959411621
0.0299990177154541
0.030998706817626953
0.028998136520385742
0.03199887275695801
0.03300762176513672
0.03099966049194336
0.03098607063293457
0.03099846839904785
0.033005714416503906
0.031000852584838867
0.030999183654785156
0.03300023078918457
0.032000064849853516
0.03300023078918457
0.03100299835205078
0.02999734878540039
0.0319976806640625
0.03199958801269531
0.031999826431274414
0.033002614974975586
0.030995607376098633
0.03200054168701172
0.030999422073364258
0.02999734878540039
0.030998945236206055
0.03301215171813965
0.0299985408782959
0.03299832344055176
0.030998945236206055
0.030998706817626953
0.03099822998046875
0.03199958801269531
0.030015945434570312
0.031996965408325195
0.031995534896850586
0.031009435653686523
0.030994415283203125
0.032000064849853516
0.03399968147277832
0.03200173377990723
0.03199648857116699
0.032985687255859375
0.029997587203979492
0.0319974422454834
0.030998945236206055
0.03199481964111328
0.031999826431274414
0.03099846839904785
0.031000614166259766
0.03399968147277832
0.029999971389770508
0.031984567642211914
0.030998706817626953
0.03299832344055176
0.030998945236206055
0.032990455627441406
0.03099822998046875
0.03099989891052246
0.031000137329101562
0.030994892120361328
0.03199934959411621
0.033002376556396484
0.03099679946899414
0.02998518943786621
0.030999183654785156
0.03399825096130371
0.03099966049194336
0.03401064872741699
0.030997037887573242
0.03299903869628906
0.03100275993347168
0.033994197845458984
0.03200078010559082
0.03200054168701172
0.030987262725830078
0.031999826431274414
0.03099989891052246
0.03299760818481445
0.030000925064086914
0.031998395919799805
0.031001567840576172
0.031002521514892578
0.02999734878540039
0.03400373458862305
0.03098607063293457
0.031996726989746094
0.031998395919799805
0.0319979190826416
0.029999256134033203
0.031000852584838867
0.029999256134033203
0.03200054168701172
0.03199934959411621
0.029998064041137695
0.031998634338378906
0.03099846839904785
0.03300118446350098
0.03099966049194336
0.03201150894165039
0.033998966217041016
0.0299990177154541
0.030998945236206055
0.029998779296875
0.032999277114868164
0.031000137329101562
0.03199887275695801
0.029999256134033203
0.032999277114868164
0.031004905700683594
0.03299713134765625
0.030002355575561523
0.03200054168701172
0.03200101852416992
0.03300166130065918
0.028998851776123047
0.0319974422454834
0.0320124626159668
0.0319979190826416
0.03300070762634277
0.03200054168701172
0.031999826431274414
0.032998085021972656
0.03200078010559082
0.030997753143310547
0.029999732971191406
0.02999734878540039
0.029993772506713867
0.031999826431274414
0.03203749656677246
0.033026695251464844
0.03097820281982422
0.031968116760253906
0.03099846839904785
0.03299999237060547
0.030002832412719727
0.03300189971923828
0.030997037887573242
0.030997037887573242
0.03199458122253418
0.03300070762634277
0.03099679946899414
0.0319981575012207
0.03299880027770996
0.032010793685913086
0.030991554260253906
0.03199934959411621
0.030999183654785156
0.031989336013793945
0.032000064849853516
0.03299903869628906
0.03099989891052246
0.03399991989135742
0.030998706817626953
0.031996965408325195
0.02999734878540039
0.03199458122253418
0.03099846839904785
0.030997514724731445
0.030998945236206055
0.03199934959411621
0.03199958801269531
0.0319979190826416
0.029998302459716797
0.03299903869628906
0.031999826431274414
0.03199958801269531
0.03100132942199707
0.03300213813781738
0.030999183654785156
0.030996322631835938
0.030995607376098633
0.029997825622558594
0.0319981575012207
0.03399991989135742
0.032000064849853516
0.03299832344055176
0.03200483322143555
0.03299689292907715
0.03000044822692871
0.0330047607421875
0.0319972038269043
0.03299856185913086
0.03200173377990723
0.032000064849853516
0.030010461807250977
0.033998966217041016
0.030997276306152344
0.03399801254272461
0.028994321823120117
0.032999515533447266
0.029996871948242188
0.031000852584838867
0.029998302459716797
0.031000375747680664
0.030998945236206055
0.029998064041137695
0.029998302459716797
0.03299307823181152
0.0319981575012207
0.032001495361328125
0.030998706817626953
0.03399991989135742
0.033000946044921875
0.03200078010559082
0.029997825622558594
0.029997825622558594
0.0299985408782959
0.03299880027770996
0.032999277114868164
0.033006906509399414
0.030992984771728516
0.0319976806640625
0.03200078010559082
0.029987812042236328
0.032001495361328125
0.031998395919799805
0.032013654708862305
0.03099799156188965
0.029998064041137695
0.03300189971923828
0.031998634338378906
0.031991004943847656
0.030997037887573242
0.033004045486450195
0.032996177673339844
0.03000664710998535
0.03299570083618164
0.03300118446350098
0.030995607376098633
0.030997753143310547
0.032011985778808594
0.03300166130065918
0.03201007843017578
0.034013986587524414
0.0319979190826416
0.03198885917663574
0.031000137329101562
0.03399968147277832
0.030998706817626953
0.029998779296875
0.031000852584838867
0.0169985294342041
0.028999805450439453
0.030997753143310547
0.031000852584838867
0.03500533103942871
0.03199267387390137
0.03401350975036621
0.030984878540039062
0.0319976806640625
0.02898716926574707
0.03099822998046875
0.032000064849853516
0.031998634338378906
0.03100895881652832
0.033013105392456055
0.03299689292907715
0.03099822998046875
0.03099822998046875
0.031000375747680664
0.03200125694274902
0.038999319076538086
0.03201103210449219
0.03299760818481445
0.03200125694274902
0.03200340270996094
0.03099679946899414
0.029996156692504883
0.03099799156188965
0.03500247001647949
0.029996156692504883
0.03399920463562012
0.032001495361328125
0.07599878311157227
0.02899789810180664
0.03699922561645508
0.0319979190826416
0.028999805450439453
0.03399920463562012
0.030999422073364258
0.03198862075805664
0.03400278091430664
0.040001630783081055
0.0319976806640625
0.03499913215637207
0.03299832344055176
0.03600144386291504
0.03300905227661133
0.0339961051940918
0.03100109100341797
0.05300116539001465
0.039000511169433594
0.03699922561645508
0.030998945236206055
0.032000064849853516
0.03200650215148926
0.030998706817626953
0.03400063514709473
0.030000925064086914
0.02999711036682129
0.0319976806640625
0.031000375747680664
0.03199625015258789
0.030999183654785156
0.03299903869628906
0.029999732971191406
0.03199934959411621
0.03199911117553711
0.0319981575012207
0.029999494552612305
0.032997846603393555
0.0319976806640625
0.03199911117553711
0.03200268745422363
0.03200030326843262
0.029997587203979492
0.031996726989746094
0.03198432922363281
0.03599739074707031
0.03200173377990723
0.03199887275695801
0.03000044822692871
0.03200125694274902
0.0319974422454834
0.0319981575012207
0.028999805450439453
0.030998945236206055
0.028998851776123047
0.03300333023071289
0.030995845794677734
0.03099846839904785
0.03000187873840332
0.029998779296875
0.031998634338378906
0.0319976806640625
0.02899956703186035
0.02899956703186035
0.030999422073364258
0.030997037887573242
0.02899932861328125
0.031001567840576172
0.030997037887573242
0.030998945236206055
0.031000852584838867
0.032999277114868164
0.0299985408782959
0.03099846839904785
0.029999971389770508
0.031000375747680664
0.030997514724731445
0.030999422073364258
0.031002283096313477
0.03200078010559082
0.02999591827392578
0.030998945236206055
0.0319979190826416
0.032000064849853516
0.028996706008911133
0.03099822998046875
0.030000686645507812
0.031000852584838867
0.03099989891052246
0.03200268745422363
0.030997037887573242
0.02999711036682129
0.03199887275695801
0.03299880027770996
0.029998779296875
0.031009674072265625
0.029999971389770508
0.03099846839904785
0.0299990177154541
0.031002521514892578
0.031000852584838867
0.03200173377990723
0.02899765968322754
0.029999732971191406
0.03000044822692871
0.030998706817626953
0.030001401901245117
0.0319976806640625
0.03099989891052246
0.03298330307006836
0.03099989891052246
0.032001495361328125
0.031000375747680664
0.0319979190826416
0.029986858367919922
0.033000946044921875
0.032000064849853516
0.0319979190826416
0.030011415481567383
0.02999711036682129
0.029999256134033203
0.0299985408782959
0.03099966049194336
0.0319981575012207
0.03099513053894043
0.0319979190826416
0.03199958801269531
0.029996633529663086
0.031996726989746094
0.03299999237060547
0.030998945236206055
0.030997276306152344
0.03000044822692871
0.031000852584838867
0.029999256134033203
0.03299880027770996
0.03200197219848633
0.03299903869628906
0.03000020980834961
0.030001401901245117
0.027996063232421875
0.03199911117553711
0.03099989891052246
0.029998302459716797
0.030002355575561523
0.03201150894165039
0.030987977981567383
0.032002925872802734
0.031000852584838867
0.02999591827392578
0.029997587203979492
0.032999277114868164
0.030999422073364258
0.030998706817626953
0.030013561248779297
0.035997629165649414
0.033002376556396484
0.03299736976623535
0.03099846839904785
0.031001567840576172
0.029996871948242188
0.03000020980834961
0.029997825622558594
0.031002283096313477
0.030000925064086914
0.03200173377990723
0.030995607376098633
0.0319979190826416
0.030994415283203125
0.03199934959411621
0.029999971389770508
0.030999183654785156
0.02899932861328125
0.030997276306152344
0.029998064041137695
0.031003236770629883
0.029994964599609375
0.029996871948242188
0.031000375747680664
0.03300023078918457
0.03099799156188965
0.030998706817626953
0.03099989891052246
0.029996156692504883
0.029000282287597656
0.03199934959411621
0.03100275993347168
0.03200197219848633
0.029996395111083984
0.030002117156982422
0.03199887275695801
0.030996322631835938
0.03099966049194336
0.032999515533447266
0.03199887275695801
0.030999183654785156
0.029001951217651367
0.03200173377990723
0.029994964599609375
0.03200030326843262
0.030997753143310547
0.03199911117553711
0.031000375747680664
0.03099799156188965
0.03299832344055176
0.029997587203979492
0.029993295669555664
0.030999422073364258
0.03200078010559082
0.03199911117553711
0.029006004333496094
0.03199887275695801
0.029000282287597656
0.0319974422454834
0.029998064041137695
0.03200078010559082
0.031001567840576172
0.03199887275695801
0.03100109100341797
0.03300023078918457
0.03199625015258789
0.03199958801269531
0.03199934959411621
0.03199911117553711
0.030997037887573242
0.0319972038269043
0.02999591827392578
0.03200030326843262
0.03200054168701172
0.03299760818481445
0.029999256134033203
0.029998779296875
0.029999494552612305
0.030997514724731445
0.03099846839904785
0.032000064849853516
0.031998634338378906
0.03200101852416992
0.03099513053894043
0.031000852584838867
0.03600049018859863
0.033997297286987305
0.03300118446350098
0.03299856185913086
0.030997514724731445
0.03399777412414551
0.032999515533447266
0.03300046920776367
0.03299856185913086
0.031996965408325195
0.02999734878540039
0.033008575439453125
0.031000614166259766
0.031999826431274414
0.032013893127441406
0.033998727798461914
0.029993057250976562
0.031995296478271484
0.032001495361328125
0.03299832344055176
0.03200101852416992
0.032996177673339844
0.03400015830993652
0.03399920463562012
0.04300355911254883
0.03799581527709961
0.03000926971435547
0.03099799156188965
0.032000064849853516
0.03201651573181152
0.03099989891052246
0.03298592567443848
0.03099679946899414
0.03201460838317871
0.031998634338378906
0.03499937057495117
0.03299856185913086
0.03300023078918457
0.029998302459716797
0.032999515533447266
0.032000064849853516
0.031996965408325195
0.030999422073364258
0.03200411796569824
0.04399847984313965
0.03599882125854492
0.033997297286987305
0.032998085021972656
0.029998064041137695
0.03299975395202637
0.030006885528564453
0.03300213813781738
0.03599905967712402
0.03299856185913086
0.030001401901245117
0.03299880027770996
0.04600071907043457
0.03599834442138672
0.03300189971923828
0.030997514724731445
0.03300046920776367
0.03399944305419922
0.03299880027770996
0.0319981575012207
0.029996395111083984
0.03200125694274902
0.03199887275695801
0.03499627113342285
0.030996322631835938
0.03299689292907715
0.033998727798461914
0.03200078010559082
0.0299985408782959
0.0319976806640625
0.030996084213256836
0.03199958801269531
0.03000020980834961
0.029995441436767578
0.029999732971191406
0.030998945236206055
0.03099989891052246
0.030999422073364258
0.03100299835205078
0.030000925064086914
0.03199958801269531
0.0299985408782959
0.04000234603881836
0.03499746322631836
0.030997037887573242
0.03099846839904785
0.02900075912475586
0.033000946044921875
0.03299999237060547
0.03399920463562012
0.030999183654785156
0.03299999237060547
0.031000614166259766
0.03200054168701172
0.029998302459716797
0.032999515533447266
0.0299985408782959
0.032999515533447266
0.029998302459716797
0.030999183654785156
0.031000137329101562
0.03301215171813965
0.030985355377197266
0.0319974422454834
0.031998395919799805
0.03399920463562012
0.030000925064086914
0.03399801254272461
0.030999183654785156
0.03399801254272461
0.03099989891052246
0.04299139976501465
0.04200387001037598
0.041997671127319336
0.030998706817626953
0.032000064849853516
0.03199911117553711
0.0319979190826416
0.029998302459716797
0.0299990177154541
0.03100109100341797
0.03200173377990723
0.029997825622558594
0.03200197219848633
0.0339963436126709
0.03399944305419922
0.06099557876586914
0.031995296478271484
0.03199958801269531
0.03199958801269531
0.030998706817626953
0.030997753143310547
0.029999732971191406
0.031996726989746094
0.03099822998046875
0.03200054168701172
0.03400135040283203
0.03099799156188965
0.0309908390045166
0.03099799156188965
0.029999971389770508
0.0319974422454834
0.029997587203979492
0.030998945236206055
0.03200030326843262
0.02899932861328125
0.0299990177154541
0.031998634338378906
0.03299665451049805
0.030998945236206055
0.030997037887573242
0.031001806259155273
0.029000520706176758
0.03299140930175781
0.029998779296875
0.03400087356567383
0.030997276306152344
0.03199911117553711
0.03200101852416992
0.03199887275695801
0.029999256134033203
0.030998945236206055
0.030996322631835938
0.032000064849853516
0.029999256134033203
0.03199958801269531
0.03200078010559082
0.034001827239990234
0.03199934959411621
0.03299975395202637
0.03099822998046875
0.03099846839904785
0.030000686645507812
0.03199934959411621
0.04000258445739746
0.031995534896850586
0.028986454010009766
0.02900838851928711
0.03499627113342285
0.03499865531921387
0.031995296478271484
0.03199958801269531
0.029000043869018555
0.029998779296875
0.03100132942199707
0.029998302459716797
0.03199625015258789
0.030997276306152344
0.0299985408782959
0.031998395919799805
0.029001474380493164
0.031000137329101562
0.028995752334594727
0.03000164031982422
0.030000925064086914
0.029999256134033203
0.030996084213256836
0.030999422073364258
0.03200101852416992
0.03199934959411621
0.030999183654785156
0.03199958801269531
0.03100109100341797
0.032000064849853516
0.0299985408782959
0.031998634338378906
0.03200125694274902
0.03399920463562012
0.031001567840576172
0.031002283096313477
0.03300046920776367
0.03400063514709473
0.031999826431274414
0.031002521514892578
0.030995607376098633
0.0299990177154541
0.030998706817626953
0.0319981575012207
0.03099966049194336
0.030997753143310547
0.0299985408782959
0.03200054168701172
0.031000614166259766
0.030998706817626953
0.029998779296875
0.03198695182800293
0.030998945236206055
0.031000614166259766
0.030033111572265625
0.032984018325805664
0.03197216987609863
0.03099846839904785
0.030025959014892578
0.03199911117553711
0.0319516658782959
0.03099846839904785
0.03399825096130371
0.03099513053894043
0.03500699996948242
0.032000064849853516
0.029996633529663086
0.03099656105041504
0.03199362754821777
0.0339968204498291
0.030997753143310547
0.03400158882141113
0.029996871948242188
0.037001609802246094
0.03200244903564453
0.03300046920776367
0.03100109100341797
0.03300189971923828
0.03199887275695801
0.03199958801269531
0.03199887275695801
0.0330042839050293
0.030997753143310547
0.033002614974975586
0.030997514724731445
0.02999711036682129
0.03400111198425293
0.03198957443237305
0.03199934959411621
0.03400301933288574
0.030994176864624023
0.029983043670654297
0.03199887275695801
0.033000946044921875
0.030997514724731445
0.031008243560791016
0.029999732971191406
0.029996871948242188
0.030997514724731445
0.030999183654785156
0.029998779296875
0.03098750114440918
0.0299985408782959
0.03298544883728027
0.03299999237060547
0.03300046920776367
0.033011436462402344
0.0319972038269043
0.0309908390045166
0.014998674392700195
