4.087996006011963
0.03599071502685547
0.03399777412414551
0.03399825096130371
0.03400778770446777
0.034987688064575195
0.03200054168701172
0.033998727798461914
0.03400135040283203
0.03500199317932129
0.030997753143310547
0.03300213813781738
0.030998945236206055
0.033998966217041016
0.03099656105041504
0.04000043869018555
0.048996925354003906
0.03800010681152344
0.03700089454650879
0.031011581420898438
0.0319981575012207
0.03198599815368652
0.029999971389770508
0.03199934959411621
0.029989004135131836
0.03399944305419922
0.031999826431274414
0.03399944305419922
0.030998706817626953
0.03400111198425293
0.030998945236206055
0.03299880027770996
0.03300070762634277
0.03399968147277832
0.028998851776123047
0.033997535705566406
0.029997825622558594
0.03299856185913086
0.050004005432128906
0.038997650146484375
0.03200387954711914
0.03299832344055176
0.03099799156188965
0.031000137329101562
0.0299985408782959
0.030998945236206055
0.03099822998046875
0.0319981575012207
0.028999805450439453
0.030002355575561523
0.029999494552612305
0.03199601173400879
0.02998495101928711
0.03299880027770996
0.031998634338378906
0.03300046920776367
0.03199911117553711
0.03199887275695801
0.03300023078918457
0.030005216598510742
0.028998136520385742
0.030997514724731445
0.03100109100341797
0.035002708435058594
0.03199315071105957
0.03199887275695801
0.03099846839904785
0.03100109100341797
0.03198838233947754
0.032997846603393555
0.031000375747680664
0.032000064849853516
0.03000044822692871
0.03199505805969238
0.03199958801269531
0.03300595283508301
0.03400421142578125
0.030996322631835938
0.031012535095214844
0.03200054168701172
0.030997514724731445
0.0319981575012207
0.03300118446350098
0.0319979190826416
0.03099370002746582
0.02999591827392578
0.031000614166259766
0.03099846839904785
0.03200936317443848
0.031996965408325195
0.030998945236206055
0.030999183654785156
0.030010461807250977
0.032999277114868164
0.030999422073364258
0.03099822998046875
0.028998136520385742
0.030998945236206055
0.032999277114868164
0.03299665451049805
0.029997587203979492
0.03200888633728027
0.0520017147064209
0.031001567840576172
0.03499865531921387
0.031999826431274414
0.03200125694274902
0.029998302459716797
0.031001567840576172
0.029999971389770508
0.02999711036682129
0.030999422073364258
0.030992507934570312
0.031000375747680664
0.03199958801269531
0.03200030326843262
0.031000137329101562
0.030999183654785156
0.03399944305419922
0.03300023078918457
0.031998395919799805
0.032999515533447266
0.03200721740722656
0.03299093246459961
0.0319979190826416
0.033000946044921875
0.03199958801269531
0.03199958801269531
0.032012224197387695
0.03298687934875488
0.031001806259155273
0.03400063514709473
0.03300952911376953
0.03398919105529785
0.03199958801269531
0.03199887275695801
0.03500103950500488
0.03299880027770996
0.03300046920776367
0.031996965408325195
0.031000137329101562
0.030999183654785156
0.03300046920776367
0.03200054168701172
0.033998966217041016
0.030999422073364258
0.03300070762634277
0.029997825622558594
0.029999256134033203
0.029000043869018555
0.031000852584838867
0.030996322631835938
0.028997421264648438
0.03099822998046875
0.029999256134033203
0.029999256134033203
0.03200030326843262
0.03199911117553711
0.03000020980834961
0.03300070762634277
0.03299856185913086
0.0319981575012207
0.0329899787902832
0.03200244903564453
0.03299903869628906
0.03200125694274902
0.032999515533447266
0.03199934959411621
0.032001495361328125
0.03199911117553711
0.03199934959411621
0.030998706817626953
0.03299903869628906
0.03200078010559082
0.031999826431274414
0.03199934959411621
0.03399944305419922
0.03000044822692871
0.030998945236206055
0.03199911117553711
0.03299736976623535
0.03200197219848633
0.032001495361328125
0.03299760818481445
0.031999826431274414
0.0319972038269043
0.031999826431274414
0.029987573623657227
0.02999591827392578
0.033002376556396484
0.03400135040283203
0.0339968204498291
0.031002521514892578
0.030997514724731445
0.031998634338378906
0.030999183654785156
0.029999256134033203
0.03299903869628906
0.029998064041137695
0.0299985408782959
0.03399467468261719
0.030999422073364258
0.03299903869628906
0.031998634338378906
0.03298330307006836
0.031000852584838867
0.03299689292907715
0.03099966049194336
0.03199887275695801
0.03099989891052246
0.03399848937988281
0.03099822998046875
0.030998706817626953
0.029999971389770508
0.03201699256896973
0.03200340270996094
0.04000210762023926
0.04600214958190918
0.03099846839904785
0.031009912490844727
0.031000137329101562
0.030997514724731445
0.03200054168701172
0.030997753143310547
0.03199958801269531
0.030001401901245117
0.0319974422454834
0.029985904693603516
0.03199958801269531
0.0299990177154541
0.029000520706176758
0.031000375747680664
0.03499960899353027
0.030998945236206055
0.03098917007446289
0.033995866775512695
0.03299880027770996
0.031011104583740234
0.03199958801269531
0.031000375747680664
0.0299990177154541
0.029999971389770508
0.029996871948242188
0.029996156692504883
0.029998779296875
0.028998374938964844
0.03099799156188965
0.03199887275695801
0.03299736976623535
0.029999256134033203
0.030998945236206055
0.028999805450439453
0.03200173377990723
0.031998395919799805
0.0319981575012207
0.03199625015258789
0.03200936317443848
0.029986143112182617
0.030998945236206055
0.03199887275695801
0.033010244369506836
0.060990095138549805
0.03999972343444824
0.03299593925476074
0.0280001163482666
0.030997753143310547
0.029997825622558594
0.03099822998046875
0.029000282287597656
0.031998395919799805
0.030001163482666016
0.032997846603393555
0.029991865158081055
0.029999494552612305
0.030010700225830078
0.03099822998046875
0.03100132942199707
0.03300023078918457
0.03099822998046875
0.03099799156188965
0.030999183654785156
0.03199911117553711
0.061000823974609375
0.03300905227661133
0.04398989677429199
0.031002521514892578
0.032004594802856445
0.030998945236206055
0.02899956703186035
0.030998945236206055
0.02899932861328125
0.031001806259155273
0.029998302459716797
0.03199887275695801
0.03099799156188965
0.03299999237060547
0.03000926971435547
0.032000064849853516
0.03200364112854004
0.030998945236206055
0.029999256134033203
0.031998395919799805
0.030997514724731445
0.031998395919799805
0.032012939453125
0.03200221061706543
0.031998395919799805
0.03200101852416992
0.030997514724731445
0.03099656105041504
0.031987905502319336
0.031998395919799805
0.029985666275024414
0.0319976806640625
0.030002355575561523
0.029998064041137695
0.02899789810180664
0.030000925064086914
0.031000852584838867
0.02899932861328125
0.030999183654785156
0.03199911117553711
0.031000852584838867
0.030998706817626953
0.0279998779296875
0.031000375747680664
0.03099846839904785
0.029000282287597656
0.029996871948242188
0.03399920463562012
0.032018184661865234
0.032998085021972656
0.029999971389770508
0.034015655517578125
0.0319828987121582
0.0319981575012207
0.029999971389770508
0.030999183654785156
0.029998779296875
0.03099846839904785
0.030998706817626953
0.030999422073364258
0.03099822998046875
0.031000137329101562
0.03099822998046875
0.03300166130065918
0.031003952026367188
0.032998085021972656
0.029996633529663086
0.03399991989135742
0.031999826431274414
0.03398609161376953
0.030998706817626953
0.0319981575012207
0.03099679946899414
0.03400588035583496
0.030999183654785156
0.03199887275695801
0.030998706817626953
0.03198361396789551
0.031998395919799805
0.0320131778717041
0.03398442268371582
0.03099966049194336
0.030998706817626953
0.03199887275695801
0.030999422073364258
0.03199934959411621
0.0310060977935791
0.03301095962524414
0.030999183654785156
0.03099799156188965
0.03099822998046875
0.03299760818481445
0.03200030326843262
0.03300142288208008
0.03099536895751953
0.031990766525268555
0.028998374938964844
0.029991626739501953
0.03199148178100586
0.03200125694274902
0.03199911117553711
0.03099822998046875
0.031000137329101562
0.03200054168701172
0.031998395919799805
0.034000396728515625
0.03099536895751953
0.03300023078918457
0.03200125694274902
0.03198695182800293
0.030998706817626953
0.030997037887573242
0.030029296875
0.0329892635345459
0.02997303009033203
0.031024456024169922
0.03099846839904785
0.03299903869628906
0.031001806259155273
0.03198981285095215
0.030999183654785156
0.03198981285095215
0.03099799156188965
0.03299856185913086
0.030999422073364258
0.0340116024017334
0.030986785888671875
0.03300786018371582
0.030997514724731445
0.03099846839904785
0.0319821834564209
0.03301191329956055
0.03099513053894043
0.030986309051513672
0.03300023078918457
0.030997276306152344
0.03203082084655762
0.0319974422454834
0.03200054168701172
0.0319972038269043
0.03099989891052246
0.03099966049194336
0.030997514724731445
0.03201556205749512
0.03099989891052246
0.03200030326843262
0.030003070831298828
0.031995534896850586
0.031039714813232422
0.03296065330505371
0.029998779296875
0.031001567840576172
0.030998945236206055
0.031012773513793945
0.03300023078918457
0.03199887275695801
0.030998945236206055
0.03299832344055176
0.03200960159301758
0.0319979190826416
0.029999971389770508
0.03199458122253418
0.0319979190826416
0.03199934959411621
0.031999826431274414
0.031999826431274414
0.03099846839904785
0.03299546241760254
0.03300023078918457
0.034002065658569336
0.029998064041137695
0.03397822380065918
0.03199648857116699
0.032038211822509766
0.03099656105041504
0.03302955627441406
0.02997589111328125
0.03298759460449219
0.03099846839904785
0.031995534896850586
0.03199934959411621
0.03100132942199707
0.030997276306152344
0.03400230407714844
0.03099846839904785
0.03199911117553711
0.031000614166259766
0.033013105392456055
0.03200888633728027
0.04200029373168945
0.04699826240539551
0.03300023078918457
0.029999494552612305
0.0319981575012207
0.02899909019470215
0.03199911117553711
0.028999805450439453
0.03299403190612793
0.029999256134033203
0.030997037887573242
0.031000852584838867
0.03199934959411621
0.03099679946899414
0.031999826431274414
0.029997825622558594
0.030999422073364258
0.03000020980834961
0.02999734878540039
0.0299985408782959
0.03199934959411621
0.029998779296875
0.03200244903564453
0.030995845794677734
0.03200101852416992
0.03100109100341797
0.03199887275695801
0.03099966049194336
0.030992984771728516
0.029999732971191406
0.03199887275695801
0.03200078010559082
0.03299212455749512
0.03199267387390137
0.03300046920776367
0.0319981575012207
0.032996416091918945
0.030999183654785156
0.03300023078918457
0.03200411796569824
0.031999826431274414
0.03099822998046875
0.03299856185913086
0.030999183654785156
0.031999826431274414
0.030999183654785156
0.031001567840576172
0.03100109100341797
0.03200078010559082
0.031992197036743164
0.030989408493041992
0.030997514724731445
0.030998706817626953
0.030998706817626953
0.03399777412414551
0.03099989891052246
0.032999277114868164
0.029997825622558594
0.031998395919799805
0.03200125694274902
0.03199887275695801
0.031000614166259766
0.03299283981323242
0.0299990177154541
0.03400540351867676
0.029999494552612305
0.03399944305419922
0.03101038932800293
0.031000137329101562
0.031000137329101562
0.032000064849853516
0.028998613357543945
0.03199934959411621
0.03199887275695801
0.03299975395202637
0.03399825096130371
0.032997846603393555
0.030997276306152344
0.03099203109741211
0.029997587203979492
0.03099846839904785
0.031000375747680664
0.032010793685913086
0.0299985408782959
0.031998395919799805
0.03100109100341797
0.030999422073364258
0.18899893760681152
0.032998085021972656
0.033000946044921875
0.032010555267333984
0.031998634338378906
0.03000044822692871
0.030997037887573242
0.02999711036682129
0.03099822998046875
0.031000375747680664
0.029998064041137695
0.03299903869628906
0.0319974422454834
0.030997276306152344
0.03199505805969238
0.031999826431274414
0.030997753143310547
0.03000044822692871
0.03199911117553711
0.030004024505615234
0.03400063514709473
0.030996084213256836
0.03099966049194336
0.03099679946899414
0.03199934959411621
0.029998302459716797
0.030001401901245117
0.030999183654785156
0.031000614166259766
0.029994726181030273
0.03198575973510742
0.029999256134033203
0.03200173377990723
0.03299999237060547
0.030997753143310547
0.029998302459716797
0.03300189971923828
0.03201127052307129
0.031998634338378906
0.030001401901245117
0.030999422073364258
0.030999422073364258
0.03200054168701172
0.031002044677734375
0.031003236770629883
0.031996965408325195
0.03199124336242676
0.03099656105041504
0.03203916549682617
0.031987905502319336
0.03396868705749512
0.031000375747680664
0.03298449516296387
0.03099799156188965
0.03399848937988281
0.032015085220336914
0.031998395919799805
0.030997276306152344
0.031998634338378906
0.031000614166259766
0.031998395919799805
0.03399968147277832
0.032999515533447266
0.031999826431274414
0.032988786697387695
0.0319979190826416
0.031998395919799805
0.032000064849853516
0.03199958801269531
0.029996633529663086
0.031998634338378906
0.030998945236206055
0.03299975395202637
0.031006336212158203
0.033998727798461914
0.030998945236206055
0.032999277114868164
0.030998945236206055
0.031000852584838867
0.030999422073364258
0.03200101852416992
0.029998064041137695
0.031998395919799805
0.030997276306152344
0.03199958801269531
0.031000137329101562
0.03199911117553711
0.029999732971191406
0.03199958801269531
0.029999494552612305
0.0320127010345459
0.03198528289794922
0.031999826431274414
0.03099966049194336
0.032987356185913086
0.030997276306152344
0.032999277114868164
0.031001806259155273
0.031998634338378906
0.030995607376098633
0.02999401092529297
0.03199625015258789
0.033002614974975586
0.03199625015258789
0.029986858367919922
0.0319976806640625
0.031998395919799805
0.03300046920776367
0.031996726989746094
0.030999422073364258
0.03199911117553711
0.031012773513793945
0.033005714416503906
0.032999515533447266
0.03299307823181152
0.030997037887573242
0.03299975395202637
0.031000614166259766
0.032012224197387695
0.03099989891052246
0.03199338912963867
0.030994415283203125
0.03099799156188965
0.030998706817626953
0.03299665451049805
0.03099822998046875
0.03299832344055176
0.028998374938964844
0.03299975395202637
0.031007766723632812
0.03399848937988281
0.030985593795776367
0.031998634338378906
0.031000137329101562
0.03101515769958496
0.030985593795776367
0.030999183654785156
0.031007766723632812
0.030998706817626953
0.03199911117553711
0.0319974422454834
0.031000137329101562
0.030998706817626953
0.03000020980834961
0.03299856185913086
0.03199887275695801
0.03199958801269531
0.030999183654785156
0.03300070762634277
0.03099846839904785
0.03200531005859375
0.03000044822692871
0.03200221061706543
0.029998064041137695
0.029998064041137695
0.030999422073364258
0.0319976806640625
0.030998706817626953
0.03199958801269531
0.029999256134033203
0.0319981575012207
0.03099822998046875
0.0319979190826416
0.03000044822692871
0.031000614166259766
0.031005382537841797
0.0319974422454834
0.030988693237304688
0.05100107192993164
0.03099799156188965
0.03499770164489746
0.03299760818481445
0.02999734878540039
0.03000164031982422
0.0299990177154541
0.030997037887573242
0.030998706817626953
0.03300118446350098
0.032997846603393555
0.0319976806640625
0.032999515533447266
0.03500223159790039
0.029994964599609375
0.03199887275695801
0.030999422073364258
0.030999183654785156
0.030011653900146484
0.032988786697387695
0.031984806060791016
0.03199648857116699
0.02899932861328125
0.030998945236206055
0.029989242553710938
0.03200721740722656
0.029998064041137695
0.030995607376098633
0.03200054168701172
0.033987998962402344
0.03199911117553711
0.03200817108154297
0.03196573257446289
0.03099799156188965
0.03299856185913086
0.032010793685913086
0.03298640251159668
0.03300786018371582
0.030996322631835938
0.03200125694274902
0.03199577331542969
0.03199958801269531
0.032998085021972656
0.0319974422454834
0.03299903869628906
0.033000946044921875
0.030998945236206055
0.0319974422454834
0.031998395919799805
0.0319981575012207
0.03200340270996094
0.03299093246459961
0.029996871948242188
0.03300213813781738
0.031008005142211914
0.03399825096130371
0.03400015830993652
0.031996965408325195
0.0319976806640625
0.030995607376098633
0.030997037887573242
0.0319981575012207
0.03300023078918457
0.032000064849853516
0.032000064849853516
0.03299975395202637
0.03300070762634277
0.03699970245361328
0.032000064849853516
0.031002283096313477
0.029996395111083984
0.03099679946899414
0.03199934959411621
0.03299736976623535
0.0319976806640625
0.031999826431274414
0.03099822998046875
0.029998064041137695
0.03300213813781738
0.03099846839904785
0.03202986717224121
0.03002333641052246
0.032006025314331055
0.03298068046569824
0.03200078010559082
0.030997753143310547
0.029966354370117188
0.03399920463562012
0.02998638153076172
0.03200054168701172
0.03099536895751953
0.030998706817626953
0.03098297119140625
0.03299880027770996
0.031000375747680664
0.03299856185913086
0.030985593795776367
0.032997846603393555
0.03099846839904785
0.03199577331542969
0.03099822998046875
0.03199934959411621
0.03199911117553711
0.03299880027770996
0.03199887275695801
0.03099203109741211
0.03300046920776367
0.03300189971923828
0.03199958801269531
0.0319981575012207
0.030997037887573242
0.03300023078918457
0.03299999237060547
0.03399658203125
0.030999183654785156
0.03300023078918457
0.03200054168701172
0.033013105392456055
0.03099966049194336
0.030997514724731445
0.030999422073364258
0.032006025314331055
0.03700399398803711
0.03199911117553711
0.03099966049194336
0.03200078010559082
0.03099799156188965
0.03200197219848633
0.0299985408782959
0.032000064849853516
0.029998779296875
0.031998634338378906
0.030995845794677734
0.03101038932800293
0.031000614166259766
0.0319972038269043
0.03000044822692871
0.029999256134033203
0.028999805450439453
0.032000064849853516
0.03099822998046875
0.0299985408782959
0.02999711036682129
0.03199601173400879
0.02999591827392578
0.030999183654785156
0.03000164031982422
0.03299832344055176
0.030998945236206055
0.031000375747680664
0.03199887275695801
0.03199934959411621
0.029000282287597656
0.03199887275695801
0.03099989891052246
0.032987117767333984
0.031000375747680664
0.032999515533447266
0.03200173377990723
0.031000137329101562
0.030997753143310547
0.03200030326843262
0.028998136520385742
0.03099799156188965
0.031998395919799805
0.033007144927978516
0.03199577331542969
0.03199648857116699
0.0319979190826416
0.030997753143310547
0.03200030326843262
0.031998634338378906
0.03100109100341797
0.030999183654785156
0.02999711036682129
0.031998395919799805
0.029999256134033203
0.0319979190826416
0.029998302459716797
0.03201627731323242
0.03099656105041504
0.031993865966796875
0.03201150894165039
0.03200221061706543
0.03199934959411621
0.03199958801269531
0.031984567642211914
0.03200340270996094
0.03099822998046875
0.030997514724731445
0.032999277114868164
0.03399825096130371
0.031004905700683594
0.03300166130065918
0.033998966217041016
0.03099966049194336
0.029997587203979492
0.0330045223236084
0.030999183654785156
0.0319976806640625
0.031002521514892578
0.03299903869628906
0.03199934959411621
0.031998634338378906
0.0299990177154541
0.03099822998046875
0.030998945236206055
0.030998945236206055
0.02899909019470215
0.031004905700683594
0.03100109100341797
0.03100109100341797
0.0319976806640625
0.03200030326843262
0.031998395919799805
0.031003475189208984
0.030981779098510742
0.03300070762634277
0.030997276306152344
0.0319979190826416
0.031999826431274414
0.03300023078918457
0.03299975395202637
0.03300166130065918
0.03301262855529785
0.032000064849853516
0.02998518943786621
0.03298544883728027
0.030997514724731445
0.03400135040283203
0.03199934959411621
0.030997276306152344
0.03199911117553711
0.03300166130065918
0.0319976806640625
0.03300189971923828
0.03101038932800293
0.03400015830993652
0.030999422073364258
0.03199958801269531
0.031998634338378906
0.03300023078918457
0.03200817108154297
0.030997514724731445
0.03199601173400879
0.03199958801269531
0.03399515151977539
0.032999277114868164
0.032999515533447266
0.03399801254272461
0.030000686645507812
0.030998945236206055
0.030993938446044922
0.030996322631835938
0.03200221061706543
0.032998085021972656
0.030000686645507812
0.03200030326843262
0.029997825622558594
0.03199887275695801
0.029999971389770508
0.029001235961914062
0.03100728988647461
0.03000020980834961
0.03099846839904785
0.03199291229248047
0.03099536895751953
0.03200721740722656
0.03299212455749512
0.03200984001159668
0.0329892635345459
0.0330042839050293
0.03099989891052246
0.03200364112854004
0.029998064041137695
0.03200054168701172
0.030004501342773438
0.0319981575012207
0.0609889030456543
0.02999711036682129
0.05200052261352539
0.030001163482666016
0.03100132942199707
0.030999422073364258
0.03099679946899414
0.031996726989746094
0.031996726989746094
0.03099679946899414
0.032999515533447266
0.03099513053894043
0.03099989891052246
0.03200864791870117
0.0329897403717041
0.03299856185913086
0.03300166130065918
0.030997037887573242
0.030998706817626953
0.03199911117553711
0.031006813049316406
0.03300023078918457
0.03200054168701172
0.033998727798461914
0.029992103576660156
0.031012773513793945
0.031987905502319336
0.03199934959411621
0.03099966049194336
0.03199887275695801
0.029001712799072266
0.03100132942199707
0.03100132942199707
0.030999183654785156
0.03099822998046875
0.03199434280395508
0.03300023078918457
0.029994964599609375
0.03000020980834961
0.03399991989135742
0.030998706817626953
0.0320127010345459
0.03098607063293457
0.03099846839904785
0.03200173377990723
0.031999826431274414
0.02999258041381836
0.03300881385803223
0.030996322631835938
0.03399801254272461
0.030997276306152344
0.03099846839904785
0.030998945236206055
0.029999256134033203
0.031001806259155273
0.032001495361328125
0.030995607376098633
0.03099822998046875
0.031999826431274414
0.037000417709350586
0.03400111198425293
0.03000044822692871
0.029997825622558594
0.030997514724731445
0.030998945236206055
0.03200101852416992
0.029999256134033203
0.03101038932800293
0.030987977981567383
0.0319981575012207
0.02899909019470215
0.03199934959411621
0.03099822998046875
0.03201484680175781
0.03200197219848633
0.03299736976623535
0.02999711036682129
0.029998064041137695
0.031000375747680664
0.033000946044921875
0.032001495361328125
0.03199577331542969
0.029999256134033203
0.031003475189208984
0.03099346160888672
0.03200030326843262
0.030998945236206055
0.031998634338378906
0.031998395919799805
0.031000614166259766
0.029997587203979492
0.0319972038269043
0.029999256134033203
0.029999732971191406
0.0319981575012207
0.031996726989746094
0.03200197219848633
0.030999183654785156
0.031000852584838867
0.031000137329101562
0.028998613357543945
0.034000396728515625
0.032999515533447266
0.031998634338378906
0.034013986587524414
0.032999277114868164
0.03299975395202637
0.03300023078918457
0.03299856185913086
0.030999183654785156
0.03199934959411621
0.032997846603393555
0.03198504447937012
0.015999555587768555
0.030995845794677734
0.03299689292907715
0.03199934959411621
0.031011581420898438
0.040988922119140625
0.032997846603393555
0.036004066467285156
0.03099513053894043
0.029000520706176758
0.03099822998046875
0.028999805450439453
0.04900360107421875
0.03800678253173828
0.030997037887573242
0.03200101852416992
0.031999826431274414
0.03299403190612793
0.029998064041137695
0.03199911117553711
0.029997825622558594
0.030999183654785156
0.03200054168701172
0.030999422073364258
0.029997825622558594
0.03300070762634277
0.03600025177001953
0.06099987030029297
0.030999183654785156
0.04099845886230469
0.03200197219848633
0.03099966049194336
0.031003952026367188
0.028997421264648438
0.032000064849853516
0.03299903869628906
0.031998634338378906
0.03200483322143555
0.032996177673339844
0.02899909019470215
0.031001567840576172
0.029996871948242188
0.03199601173400879
0.03299736976623535
0.03400158882141113
0.03099656105041504
0.03098773956298828
0.03200268745422363
0.03099799156188965
0.03200030326843262
0.030998945236206055
0.031003952026367188
0.0319974422454834
0.030998945236206055
0.0319972038269043
0.03099966049194336
0.03300046920776367
0.03100299835205078
0.03200125694274902
0.031998395919799805
0.030998945236206055
0.03099799156188965
0.0319979190826416
0.03799915313720703
0.03099846839904785
0.03199172019958496
0.029999971389770508
0.029999732971191406
0.027998685836791992
0.0319976806640625
0.029003143310546875
0.03499555587768555
0.029999256134033203
0.03100299835205078
0.032001495361328125
0.0339968204498291
0.030997276306152344
0.030001401901245117
0.029996395111083984
0.031998634338378906
0.033000946044921875
0.02899956703186035
0.03200054168701172
0.03600049018859863
0.03699898719787598
0.033003807067871094
0.03299760818481445
0.031998634338378906
0.029001235961914062
0.031001806259155273
0.03099822998046875
0.02999591827392578
0.029999971389770508
0.030999422073364258
0.031000375747680664
0.03199934959411621
0.03200197219848633
0.03599691390991211
0.03199911117553711
0.03299832344055176
0.029999256134033203
0.03199934959411621
0.0319979190826416
0.03300118446350098
0.03198885917663574
0.03099989891052246
0.030994415283203125
0.03800225257873535
0.03199625015258789
0.029998302459716797
0.029000043869018555
0.030998706817626953
0.03199958801269531
0.031996726989746094
0.028998613357543945
0.03199958801269531
0.0299990177154541
0.03199934959411621
0.029998302459716797
0.030994653701782227
0.029998779296875
0.030996084213256836
0.030987262725830078
0.031998634338378906
0.030999183654785156
0.03299880027770996
0.030004501342773438
0.03200173377990723
0.030002832412719727
0.03100132942199707
0.03200030326843262
0.03099679946899414
0.03099822998046875
0.030996084213256836
0.03299832344055176
0.034000396728515625
0.03099799156188965
0.03300952911376953
0.0309908390045166
0.030999422073364258
0.031000852584838867
0.0319976806640625
0.031998395919799805
0.03300309181213379
0.032997846603393555
0.032997846603393555
0.029997587203979492
0.03199911117553711
0.03200197219848633
0.03299665451049805
0.029999256134033203
0.030998706817626953
0.031001806259155273
0.030001163482666016
0.0319979190826416
0.030997753143310547
0.03299975395202637
0.032999515533447266
0.029999971389770508
0.03199911117553711
0.0319979190826416
0.03198695182800293
0.030002117156982422
0.029997587203979492
0.028998613357543945
0.02899956703186035
0.029000043869018555
0.030998945236206055
0.03199911117553711
0.030999422073364258
0.03100109100341797
0.031000137329101562
0.0319974422454834
0.03099846839904785
0.029999494552612305
0.03199911117553711
0.029999494552612305
0.033998966217041016
0.03198838233947754
0.03300905227661133
0.03399014472961426
0.03201103210449219
0.03000020980834961
0.03200078010559082
0.03099966049194336
0.03300070762634277
0.030996084213256836
0.032999277114868164
0.030997514724731445
0.030997753143310547
0.030999183654785156
0.031999826431274414
0.031000137329101562
0.031000137329101562
0.0320124626159668
0.032028913497924805
0.030969858169555664
0.03296470642089844
0.032997846603393555
0.03395986557006836
0.03099966049194336
0.03299856185913086
0.0299985408782959
0.0340113639831543
0.03198885917663574
0.030002117156982422
0.03000044822692871
0.03299307823181152
0.031000852584838867
0.030994892120361328
0.030999422073364258
0.030997514724731445
0.031998395919799805
0.029996871948242188
0.07400035858154297
0.03000044822692871
0.03199911117553711
0.03799867630004883
0.029996395111083984
0.03299760818481445
0.029996633529663086
0.030997514724731445
0.03199195861816406
0.0339963436126709
0.02999591827392578
0.031998634338378906
0.02899789810180664
0.03099822998046875
0.031000614166259766
0.032997846603393555
0.03000044822692871
0.032000064849853516
0.03399801254272461
0.030999183654785156
0.030008792877197266
0.032998085021972656
0.03300070762634277
0.036004066467285156
0.031000614166259766
0.03699803352355957
0.03199601173400879
0.033998966217041016
0.030998945236206055
0.03200030326843262
0.03099799156188965
0.029996633529663086
0.031000137329101562
0.0319974422454834
0.03200078010559082
0.03199911117553711
0.03099966049194336
0.031000614166259766
0.031001806259155273
0.031000137329101562
0.02999401092529297
0.03199934959411621
0.03199934959411621
0.029998302459716797
0.028998851776123047
0.030997276306152344
0.030999422073364258
0.03299975395202637
0.03199911117553711
0.030997037887573242
0.03000044822692871
0.030997753143310547
0.0299990177154541
0.031998395919799805
0.030998945236206055
0.03299975395202637
0.030002355575561523
0.03200078010559082
0.029998064041137695
0.030998945236206055
0.031000375747680664
0.032000064849853516
0.030998945236206055
0.03300023078918457
0.03201436996459961
0.03200221061706543
0.03099846839904785
0.03198957443237305
0.03199577331542969
0.03200101852416992
0.032001495361328125
0.030997037887573242
0.030996322631835938
0.031999826431274414
0.03299975395202637
0.03199958801269531
0.029998064041137695
0.03199887275695801
0.029998779296875
0.03200101852416992
0.029999732971191406
0.03099799156188965
0.030997276306152344
0.0319981575012207
0.030000925064086914
0.031000137329101562
0.03099679946899414
0.031000137329101562
0.03199934959411621
0.03099989891052246
0.03000020980834961
0.031999826431274414
0.03199911117553711
0.03299856185913086
0.031001567840576172
0.0319979190826416
0.03099966049194336
0.03199887275695801
0.029997825622558594
0.03299999237060547
0.03400468826293945
0.05899930000305176
0.031999826431274414
0.02999734878540039
0.032999515533447266
0.03200030326843262
0.031998634338378906
0.030999183654785156
0.03300142288208008
0.03199648857116699
0.032997846603393555
0.03199958801269531
0.03299856185913086
0.03300023078918457
0.031998395919799805
0.03199434280395508
0.03200340270996094
0.03199505805969238
0.029999494552612305
0.030999183654785156
0.03299999237060547
0.030999422073364258
0.029998779296875
0.0299985408782959
0.03299903869628906
0.03201627731323242
0.0319976806640625
0.03200054168701172
0.030999422073364258
0.03100895881652832
0.032001495361328125
0.03399801254272461
0.032007455825805664
0.032000064849853516
0.032010555267333984
0.03098583221435547
0.031989336013793945
0.032999277114868164
0.03200244903564453
0.02999734878540039
0.03299999237060547
0.03200125694274902
0.03100132942199707
0.03299999237060547
0.031001806259155273
0.033998727798461914
0.03199887275695801
0.03200054168701172
0.03200221061706543
0.030997514724731445
0.029996871948242188
0.03200101852416992
0.03099822998046875
0.03000020980834961
0.03299832344055176
0.029999971389770508
0.03199887275695801
0.03099989891052246
0.031998634338378906
0.030997753143310547
0.03200054168701172
0.03200101852416992
0.03199887275695801
0.029999494552612305
0.0319981575012207
0.02899932861328125
0.03200244903564453
0.0339968204498291
0.032988786697387695
0.031002044677734375
0.03199911117553711
0.029998302459716797
0.029999494552612305
0.03000020980834961
0.03199505805969238
0.02999711036682129
0.031002283096313477
0.033997297286987305
0.0319981575012207
0.030001163482666016
0.030999183654785156
0.030996322631835938
0.030999183654785156
0.032999515533447266
0.03300070762634277
0.029998779296875
0.032996177673339844
0.03099799156188965
0.04799246788024902
0.03999733924865723
0.038999080657958984
0.03100132942199707
0.03200030326843262
0.029998064041137695
0.029999732971191406
0.03100299835205078
0.03099822998046875
0.031998634338378906
0.0319976806640625
0.0319981575012207
0.029999494552612305
0.029999971389770508
0.03200030326843262
0.03199577331542969
0.03099822998046875
0.029999494552612305
0.03199601173400879
0.03199887275695801
0.03301405906677246
0.03099966049194336
0.03300023078918457
0.03099966049194336
0.031003952026367188
0.030997514724731445
0.032985687255859375
0.02999734878540039
0.030983686447143555
0.03199911117553711
0.03099846839904785
0.03299903869628906
0.03200888633728027
0.03198862075805664
0.03400063514709473
0.0319976806640625
0.03299832344055176
0.031000137329101562
0.0319974422454834
0.03099846839904785
0.030998706817626953
0.031000375747680664
0.03200125694274902
0.03101038932800293
0.031000375747680664
0.03099822998046875
0.030001163482666016
0.029996395111083984
0.03099513053894043
0.031995296478271484
0.030997753143310547
0.033013343811035156
0.03098440170288086
0.030997037887573242
0.03299760818481445
0.030999422073364258
0.032999277114868164
0.03199934959411621
0.03198957443237305
0.03199934959411621
0.03099799156188965
0.030998945236206055
0.03099679946899414
0.031009435653686523
0.03200030326843262
0.03200101852416992
0.03299903869628906
0.03000020980834961
0.031996965408325195
0.029998302459716797
0.03300666809082031
0.029993772506713867
0.030996084213256836
0.0319974422454834
0.03800010681152344
0.030998706817626953
0.03399777412414551
0.027998924255371094
0.030998945236206055
0.03200364112854004
0.03099846839904785
0.03199958801269531
0.031002283096313477
0.03199911117553711
0.03200101852416992
0.029999494552612305
0.0319979190826416
0.029996633529663086
0.03099822998046875
0.03200817108154297
0.031996965408325195
0.03198719024658203
0.03198862075805664
0.031014442443847656
0.0319976806640625
0.031000137329101562
0.031998395919799805
0.030989646911621094
0.03299713134765625
0.031000375747680664
0.03399825096130371
0.0299985408782959
0.0319974422454834
0.029999494552612305
0.03299903869628906
0.03095388412475586
0.032015323638916016
0.031000852584838867
0.03300070762634277
0.030998945236206055
0.0319981575012207
0.030997753143310547
0.03201127052307129
0.03099966049194336
0.0320127010345459
0.03098607063293457
0.030998945236206055
0.03101325035095215
0.03299880027770996
0.030999183654785156
0.032000064849853516
0.03099966049194336
0.03200054168701172
0.03199887275695801
0.0319972038269043
0.03099822998046875
0.030010461807250977
0.0319981575012207
0.034002065658569336
0.03099656105041504
0.031000852584838867
0.028997182846069336
0.03099799156188965
0.030998706817626953
0.032999515533447266
0.030999183654785156
0.03199958801269531
0.029000520706176758
0.03199052810668945
0.03299760818481445
0.03299903869628906
0.0340118408203125
0.03200054168701172
0.03100109100341797
0.031998634338378906
0.032000064849853516
0.03300786018371582
0.029999732971191406
0.03399777412414551
0.03300070762634277
0.0319981575012207
0.03099846839904785
0.032012939453125
0.031987667083740234
0.03299713134765625
0.029999732971191406
0.03199648857116699
0.015000343322753906
0.03299832344055176
0.03199934959411621
0.029999971389770508
0.030998945236206055
0.032003164291381836
0.0319981575012207
0.031000375747680664
0.033000946044921875
0.04499673843383789
0.03199958801269531
0.028998374938964844
0.03399968147277832
0.03000044822692871
0.030997276306152344
0.030002832412719727
0.03899860382080078
0.03099513053894043
0.03198671340942383
0.03201031684875488
0.03299665451049805
0.033000946044921875
0.032982826232910156
0.03200078010559082
0.03099799156188965
0.03099846839904785
0.03199911117553711
0.030999183654785156
0.030997037887573242
0.03099989891052246
0.031998395919799805
0.029000520706176758
0.029997825622558594
0.030998945236206055
0.03099846839904785
0.03099989891052246
0.031000137329101562
0.03199887275695801
0.03299999237060547
0.030998706817626953
0.032001495361328125
0.029999971389770508
0.03399848937988281
0.031014442443847656
0.03199911117553711
0.03199958801269531
0.032999277114868164
0.031000375747680664
0.03300333023071289
0.029993772506713867
0.031000852584838867
0.03099679946899414
0.030987977981567383
0.031996965408325195
0.03299880027770996
0.031996965408325195
0.03400230407714844
0.030996322631835938
0.031000375747680664
0.03200507164001465
0.03399825096130371
0.030998945236206055
0.03299522399902344
0.030997276306152344
0.033000946044921875
0.030997276306152344
0.03299880027770996
0.030999422073364258
0.03399944305419922
0.031998634338378906
0.031999826431274414
0.030997037887573242
0.03299903869628906
0.0320124626159668
0.033988237380981445
0.030999183654785156
0.034000396728515625
0.032001495361328125
0.0339961051940918
0.030990123748779297
0.031996726989746094
0.03400063514709473
0.031000852584838867
0.02999591827392578
0.03199958801269531
0.031000375747680664
0.0319976806640625
0.03000020980834961
0.0319979190826416
0.032000064849853516
0.031998395919799805
0.030991792678833008
0.03298473358154297
0.031000137329101562
0.03199362754821777
0.0299985408782959
0.03099966049194336
0.029998302459716797
0.032000064849853516
0.03099846839904785
0.03299236297607422
0.030005693435668945
0.034000396728515625
0.031999826431274414
0.03200054168701172
0.030998945236206055
0.03199887275695801
0.029999732971191406
0.031000614166259766
0.03199958801269531
0.031998634338378906
0.030999422073364258
0.029999971389770508
0.030001163482666016
0.02999711036682129
0.029998779296875
0.03300046920776367
0.03200936317443848
0.030998945236206055
0.028998851776123047
0.031998634338378906
0.03099989891052246
0.03199934959411621
0.030997276306152344
0.029999732971191406
0.030998706817626953
0.030997753143310547
0.031004667282104492
0.03199958801269531
0.02999711036682129
0.03199887275695801
0.0410006046295166
0.038995981216430664
0.03200101852416992
0.03400897979736328
0.03299713134765625
0.031999826431274414
0.03199911117553711
0.03000187873840332
0.029999256134033203
0.028999805450439453
0.03000020980834961
0.0319976806640625
0.03299903869628906
0.032000064849853516
0.03201127052307129
0.028998374938964844
0.03299975395202637
0.03300023078918457
0.03299975395202637
0.03101181983947754
0.03300023078918457
0.03200268745422363
0.03700089454650879
0.0299990177154541
0.0319981575012207
0.031001806259155273
0.03199291229248047
0.0299990177154541
0.04099559783935547
0.03200078010559082
0.0319981575012207
0.030995845794677734
0.03299832344055176
0.030000925064086914
0.031001806259155273
0.03199911117553711
0.031999826431274414
0.030996084213256836
0.03200101852416992
0.03000020980834961
0.03099846839904785
0.03100132942199707
0.03099966049194336
0.031001806259155273
0.03400087356567383
0.03201127052307129
0.030999183654785156
0.02899789810180664
0.030997514724731445
0.029000520706176758
0.03000164031982422
0.029996633529663086
0.030999183654785156
0.03099822998046875
0.029998779296875
0.028998851776123047
0.03299880027770996
0.0299990177154541
0.030997753143310547
0.03000187873840332
0.031002521514892578
0.029996156692504883
0.03300333023071289
0.0319976806640625
0.03198862075805664
0.029999732971191406
0.0299985408782959
0.031996965408325195
0.03098607063293457
0.029996871948242188
0.032000064849853516
0.029000043869018555
0.030997753143310547
0.03200030326843262
0.03400063514709473
0.03099822998046875
0.032000064849853516
0.03200197219848633
0.031998634338378906
0.0319976806640625
0.031998395919799805
0.029998302459716797
0.029985427856445312
0.028998136520385742
0.032999515533447266
0.03200030326843262
0.033002614974975586
0.031998395919799805
0.03203177452087402
0.03296303749084473
0.03103470802307129
0.030028343200683594
0.032001495361328125
0.031028270721435547
0.03299999237060547
0.03300189971923828
0.03299975395202637
0.030997753143310547
0.03300023078918457
0.029996871948242188
0.032999515533447266
0.03000187873840332
0.032998085021972656
0.03200411796569824
0.030998706817626953
0.03199934959411621
0.033002376556396484
0.030997276306152344
0.03199887275695801
0.030999422073364258
0.03199934959411621
0.030998945236206055
0.03199195861816406
0.029999494552612305
0.03300118446350098
0.03200864791870117
0.031998395919799805
0.029999494552612305
0.032010555267333984
0.0299985408782959
0.03300213813781738
0.03099846839904785
0.032999277114868164
0.031000852584838867
0.03200030326843262
0.03000164031982422
0.03199958801269531
0.031010150909423828
0.0319974422454834
0.03300023078918457
0.03099799156188965
0.031998634338378906
0.032999515533447266
0.03199911117553711
0.0330045223236084
0.031995296478271484
0.032998085021972656
0.03099799156188965
0.03301072120666504
0.031010866165161133
0.033998727798461914
0.032000064849853516
0.0319979190826416
0.031998395919799805
0.032999515533447266
0.02900099754333496
0.030990123748779297
0.03200030326843262
0.03200078010559082
0.031998634338378906
0.03199934959411621
0.03100752830505371
0.03200078010559082
0.03199911117553711
0.030999422073364258
0.031998634338378906
0.03200173377990723
0.029998064041137695
0.03201651573181152
0.030997037887573242
0.03300213813781738
0.031998634338378906
0.032000064849853516
0.033007144927978516
0.03300189971923828
0.028985261917114258
0.031001806259155273
0.0319981575012207
0.03299832344055176
0.03099822998046875
0.03099679946899414
0.031998395919799805
0.031009912490844727
0.030988216400146484
0.032002925872802734
0.03198814392089844
0.03300046920776367
0.03199934959411621
0.03299856185913086
0.031011343002319336
0.03200054168701172
0.03399538993835449
0.031998634338378906
0.0319981575012207
0.0319979190826416
0.02899956703186035
0.03200054168701172
0.031996965408325195
0.03400063514709473
0.03199911117553711
0.03199601173400879
0.029998779296875
0.03200078010559082
0.03199958801269531
0.03300023078918457
0.029987335205078125
0.029999494552612305
0.0319972038269043
0.03099822998046875
0.03200054168701172
0.031998395919799805
0.028999805450439453
0.0319979190826416
0.02999711036682129
0.032997846603393555
0.03299593925476074
0.030998706817626953
0.03299832344055176
0.03199958801269531
0.030998945236206055
0.03299903869628906
0.030992507934570312
0.03300905227661133
0.030985355377197266
0.032999515533447266
0.029998779296875
0.030996322631835938
0.03200244903564453
0.03301286697387695
0.03298497200012207
0.033000946044921875
0.03099799156188965
0.03299856185913086
0.031000375747680664
0.03198409080505371
0.030999183654785156
0.03099822998046875
0.03198122978210449
0.029997825622558594
0.03101372718811035
0.03299856185913086
0.03000020980834961
0.03198671340942383
0.030998706817626953
0.030999183654785156
0.029999732971191406
0.032000064849853516
0.03199958801269531
0.03599905967712402
0.03200101852416992
0.0319979190826416
0.031000137329101562
0.033998727798461914
0.031013011932373047
0.04700136184692383
0.038999080657958984
0.031000137329101562
0.03300118446350098
0.03500103950500488
0.031998395919799805
0.03799748420715332
0.029999732971191406
0.030999422073364258
0.031000375747680664
0.031002283096313477
0.031984567642211914
0.0330049991607666
0.031000137329101562
0.030989408493041992
0.029998302459716797
0.031998634338378906
0.031003236770629883
0.031003713607788086
0.031000852584838867
0.03199911117553711
0.030998706817626953
0.031000852584838867
0.029000043869018555
0.029999971389770508
0.03199911117553711
0.03298449516296387
0.029996871948242188
0.03300023078918457
0.031013011932373047
0.03300285339355469
0.030986309051513672
0.03299856185913086
0.032999515533447266
0.03199911117553711
0.03199958801269531
0.03099799156188965
0.03303217887878418
0.03400158882141113
0.0330052375793457
0.03300046920776367
0.033000946044921875
0.03301286697387695
0.029996871948242188
0.03800368309020996
0.030994653701782227
0.0299985408782959
0.03299689292907715
0.030997037887573242
0.029998064041137695
0.029998064041137695
0.03100299835205078
0.031998395919799805
0.0299990177154541
0.03299403190612793
0.0319976806640625
0.033997535705566406
0.03000020980834961
0.03099989891052246
0.031998634338378906
0.031003713607788086
0.03000783920288086
0.03199911117553711
0.031000137329101562
0.033010244369506836
0.030988216400146484
0.03099822998046875
0.03199958801269531
0.03399944305419922
0.030998706817626953
0.032999515533447266
0.032001495361328125
0.03199911117553711
0.029998302459716797
0.03900408744812012
0.030995607376098633
0.03400135040283203
0.03699994087219238
0.030989408493041992
0.03099656105041504
0.03199887275695801
0.03400087356567383
0.03299689292907715
0.03399801254272461
0.033000946044921875
0.03199911117553711
0.03299832344055176
0.031002044677734375
0.030997514724731445
0.029999494552612305
0.03299283981323242
0.031996965408325195
0.03300070762634277
0.03399848937988281
0.03299856185913086
0.030997753143310547
0.029998779296875
0.029997825622558594
0.029031753540039062
0.032000064849853516
0.03197050094604492
0.03200054168701172
0.02899646759033203
0.03200101852416992
0.03199911117553711
0.03100132942199707
0.032999515533447266
0.03200960159301758
0.03401303291320801
0.03299689292907715
0.031998395919799805
0.0319979190826416
0.03300142288208008
0.031996965408325195
0.031998395919799805
0.030988216400146484
0.032000064849853516
0.03100109100341797
0.03199934959411621
0.03099822998046875
0.03099846839904785
0.02899909019470215
0.032998085021972656
0.030998945236206055
0.03300046920776367
0.03299760818481445
0.03399968147277832
0.03299593925476074
0.03200244903564453
0.03099679946899414
0.032000064849853516
0.030007600784301758
0.032010793685913086
0.031998395919799805
0.03300166130065918
0.03099989891052246
0.03199934959411621
0.03198552131652832
0.031998395919799805
0.031009674072265625
0.03400015830993652
0.030999183654785156
0.03299260139465332
0.03199958801269531
0.031998634338378906
0.03200054168701172
0.03300142288208008
0.031999826431274414
0.03100299835205078
0.03200793266296387
0.03200364112854004
0.03099822998046875
0.030997753143310547
0.031999826431274414
0.032997846603393555
0.030999422073364258
0.03199481964111328
0.031998634338378906
0.031998395919799805
0.030999422073364258
0.03200030326843262
0.031009674072265625
0.031999826431274414
0.030999422073364258
0.03300046920776367
0.03099822998046875
0.03300786018371582
0.03099203109741211
0.030987977981567383
0.029992103576660156
0.03199911117553711
0.03000473976135254
0.03299880027770996
0.031000375747680664
0.031999826431274414
0.03099799156188965
0.03399848937988281
0.029998302459716797
0.03099799156188965
0.03000020980834961
0.031001806259155273
0.03000044822692871
0.030998706817626953
0.03099966049194336
0.01600193977355957
