3.372999668121338
0.034952402114868164
0.03299903869628906
0.03597283363342285
0.03197598457336426
0.03399944305419922
0.03201127052307129
0.033971309661865234
0.03100132942199707
0.03403162956237793
0.02996230125427246
0.03299593925476074
0.030000925064086914
0.03300046920776367
0.03201484680175781
0.03299903869628906
0.0299990177154541
0.034001827239990234
0.030999422073364258
0.03200054168701172
0.028999805450439453
0.032999515533447266
0.03100109100341797
0.032987356185913086
0.030999422073364258
0.03299903869628906
0.031000375747680664
0.031003713607788086
0.03099989891052246
0.03099822998046875
0.0300142765045166
0.032999277114868164
0.030000686645507812
0.032000064849853516
0.031999826431274414
0.03299880027770996
0.03200054168701172
0.03200054168701172
0.03199958801269531
0.033000946044921875
0.0299985408782959
0.03300166130065918
0.03199148178100586
0.030983924865722656
0.032000064849853516
0.03301405906677246
0.03199958801269531
0.031984806060791016
0.03300619125366211
0.03198409080505371
0.03199958801269531
0.03399944305419922
0.03099799156188965
0.03299832344055176
0.031002521514892578
0.03300046920776367
0.030998706817626953
0.03299880027770996
0.03200840950012207
0.03299975395202637
0.031000375747680664
0.0330045223236084
0.03098440170288086
0.0330049991607666
0.03199124336242676
0.031999826431274414
0.030999183654785156
0.03200030326843262
0.031000375747680664
0.03399944305419922
0.030998945236206055
0.05600094795227051
0.030007600784301758
0.040990591049194336
0.030988216400146484
0.02899932861328125
0.029999971389770508
0.029000043869018555
0.029999971389770508
0.031000614166259766
0.03200697898864746
0.03199124336242676
0.03199934959411621
0.030991792678833008
0.03099846839904785
0.03197193145751953
0.031998634338378906
0.03203439712524414
0.031966447830200195
0.03099966049194336
0.03300166130065918
0.031029224395751953
0.03299713134765625
0.029961347579956055
0.031998634338378906
0.03099966049194336
0.030999183654785156
0.031000375747680664
0.033000946044921875
0.03099989891052246
0.032001495361328125
0.03102707862854004
0.03200030326843262
0.03199911117553711
0.03198647499084473
0.030997514724731445
0.03100872039794922
0.032990217208862305
0.03400015830993652
0.029999494552612305
0.03199934959411621
0.03199958801269531
0.03200101852416992
0.029999256134033203
0.031000137329101562
0.029999256134033203
0.03200173377990723
0.03101062774658203
0.03200244903564453
0.030998945236206055
0.03200125694274902
0.02999567985534668
0.032993316650390625
0.030998706817626953
0.030999422073364258
0.030999422073364258
0.03200054168701172
0.028998851776123047
0.03199911117553711
0.031000852584838867
0.03200221061706543
0.0319972038269043
0.03201484680175781
0.03200078010559082
0.031014204025268555
0.030997037887573242
0.03099966049194336
0.030999422073364258
0.030988216400146484
0.032000064849853516
0.03399848937988281
0.03100109100341797
0.030998706817626953
0.030997276306152344
0.031000137329101562
0.03099822998046875
0.0319976806640625
0.030999183654785156
0.032000064849853516
0.031008481979370117
0.03000164031982422
0.031005859375
0.033000946044921875
0.030998945236206055
0.03200650215148926
0.031009197235107422
0.031009197235107422
0.03000640869140625
0.0319976806640625
0.030000686645507812
0.031011343002319336
0.031015872955322266
0.029993295669555664
0.029999494552612305
0.03400993347167969
0.03198981285095215
0.03301048278808594
0.03199911117553711
0.032999515533447266
0.030998706817626953
0.03099966049194336
0.030999183654785156
0.03200125694274902
0.03099656105041504
0.030991792678833008
0.03299999237060547
0.031987905502319336
0.031005859375
0.031998634338378906
0.03300142288208008
0.03198552131652832
0.03199934959411621
0.03299999237060547
0.03099966049194336
0.031998634338378906
0.03200078010559082
0.03199934959411621
0.03099846839904785
0.031998634338378906
0.029999971389770508
0.03300166130065918
0.02996826171875
0.0319972038269043
0.030997276306152344
0.031968116760253906
0.03200221061706543
0.03196883201599121
0.03098011016845703
0.03297686576843262
0.03100109100341797
0.03300023078918457
0.031000614166259766
0.030998706817626953
0.03297090530395508
0.03199505805969238
0.032000064849853516
0.031998395919799805
0.03199315071105957
0.03396320343017578
0.030999183654785156
0.032999515533447266
0.03102898597717285
0.031000614166259766
0.03101801872253418
0.030999422073364258
0.029973745346069336
0.03199887275695801
0.03103351593017578
0.032967329025268555
0.029998064041137695
0.03397011756896973
0.03200125694274902
0.031001567840576172
0.03099822998046875
0.03199958801269531
0.03100275993347168
0.03002786636352539
0.03202962875366211
0.03202199935913086
0.03202962875366211
0.03300642967224121
0.03299355506896973
0.030983686447143555
0.031004905700683594
0.034966230392456055
0.030008554458618164
0.03200101852416992
0.03103017807006836
0.032998085021972656
0.030996084213256836
0.030974149703979492
0.0300290584564209
0.03296709060668945
0.032000064849853516
0.03197884559631348
0.03099966049194336
0.03399348258972168
0.030963897705078125
0.032018184661865234
0.03197622299194336
0.030995845794677734
0.031000852584838867
0.03200078010559082
0.031989336013793945
0.031001567840576172
0.0319981575012207
0.031000614166259766
0.032964229583740234
0.031026840209960938
0.031005382537841797
0.032978057861328125
0.03099799156188965
0.031966209411621094
0.03200101852416992
0.030996322631835938
0.031999826431274414
0.03201603889465332
0.031983375549316406
0.03299999237060547
0.031000852584838867
0.03200030326843262
0.03102850914001465
0.03200030326843262
0.029000043869018555
0.032001495361328125
0.028998136520385742
0.03301262855529785
0.030996322631835938
0.03298616409301758
0.031014680862426758
0.03096294403076172
0.029975175857543945
0.03196430206298828
0.0299985408782959
0.03202009201049805
0.03200078010559082
0.03297853469848633
0.03100109100341797
0.03199052810668945
0.03099966049194336
0.032001495361328125
0.032028913497924805
0.032987356185913086
0.030011892318725586
0.03200268745422363
0.03000020980834961
0.03400158882141113
0.029997825622558594
0.03303074836730957
0.030963420867919922
0.03400588035583496
0.030991792678833008
0.03199887275695801
0.03000020980834961
0.03198862075805664
0.02999401092529297
0.031000137329101562
0.029999494552612305
0.033949851989746094
0.030980587005615234
0.032971858978271484
0.031981468200683594
0.0320277214050293
0.030989408493041992
0.0309751033782959
0.029969215393066406
0.033000946044921875
0.029999971389770508
0.03199958801269531
0.032997846603393555
0.032004594802856445
0.03099679946899414
0.03199958801269531
0.031006336212158203
0.031000614166259766
0.03099966049194336
0.03200054168701172
0.030999422073364258
0.03199410438537598
0.030999422073364258
0.031995296478271484
0.031029701232910156
0.031026601791381836
0.030977249145507812
0.032979488372802734
0.03102254867553711
0.032974958419799805
0.03096318244934082
0.03202247619628906
0.03002309799194336
0.03200030326843262
0.030999422073364258
0.030999422073364258
0.031003952026367188
0.030998706817626953
0.03200054168701172
0.031999826431274414
0.03099799156188965
0.030989646911621094
0.030998945236206055
0.03199958801269531
0.029999256134033203
0.030994653701782227
0.029999971389770508
0.03304481506347656
0.031000614166259766
0.03399801254272461
0.03099989891052246
0.032999277114868164
0.030977249145507812
0.03199648857116699
0.032000064849853516
0.03203558921813965
0.031029701232910156
0.030998706817626953
0.031009912490844727
0.03200173377990723
0.029997587203979492
0.033965349197387695
0.031999826431274414
0.031021833419799805
0.03299760818481445
0.0329747200012207
0.03200531005859375
0.03200054168701172
0.031987667083740234
0.03098773956298828
0.03299736976623535
0.03200054168701172
0.0310060977935791
0.029996633529663086
0.03299999237060547
0.03199958801269531
0.03200936317443848
0.033987998962402344
0.03100109100341797
0.032030344009399414
0.03196978569030762
0.03300046920776367
0.03200078010559082
0.033992767333984375
0.03000020980834961
0.032990217208862305
0.03197669982910156
0.03099822998046875
0.030965566635131836
0.03099799156188965
0.029998064041137695
0.03199958801269531
0.031002283096313477
0.03099989891052246
0.03099822998046875
0.03200221061706543
0.03098917007446289
0.031999826431274414
0.031996965408325195
0.030983448028564453
0.032002925872802734
0.03099656105041504
0.03200221061706543
0.03400397300720215
0.03200030326843262
0.03302884101867676
0.030969619750976562
0.03203582763671875
0.03097677230834961
0.03197121620178223
0.03200030326843262
0.031999826431274414
0.030977487564086914
0.03297090530395508
0.030025005340576172
0.03200387954711914
0.0309903621673584
0.03199505805969238
0.030977249145507812
0.032030582427978516
0.03098154067993164
0.03297090530395508
0.030977249145507812
0.031996965408325195
0.03200078010559082
0.03302478790283203
0.03197431564331055
0.0319676399230957
0.030000925064086914
0.0309906005859375
0.02900981903076172
0.03301358222961426
0.030986309051513672
0.03204083442687988
0.03197622299194336
0.03297233581542969
0.032000064849853516
0.03200054168701172
0.030969619750976562
0.03199934959411621
0.03202056884765625
0.031992435455322266
0.031999826431274414
0.03300309181213379
0.031025409698486328
0.03300213813781738
0.030997514724731445
0.030993223190307617
0.03103160858154297
0.03200054168701172
0.030975818634033203
0.030991077423095703
0.031975507736206055
0.03296804428100586
0.03200030326843262
0.032997846603393555
0.03100132942199707
0.03302407264709473
0.029974699020385742
0.03497648239135742
0.03099989891052246
0.03398561477661133
0.03200078010559082
0.03197455406188965
0.030972719192504883
0.03296494483947754
0.03098011016845703
0.030989408493041992
0.03101515769958496
0.03299283981323242
0.032033443450927734
0.031000137329101562
0.031027555465698242
0.03199934959411621
0.03200101852416992
0.03204059600830078
0.030962705612182617
0.032027482986450195
0.030971527099609375
0.032000064849853516
0.031000614166259766
0.032007455825805664
0.030964374542236328
0.032982826232910156
0.03300070762634277
0.030011653900146484
0.029999732971191406
0.03297066688537598
0.030998706817626953
0.030999183654785156
0.03096318244934082
0.03197836875915527
0.03099799156188965
0.031019210815429688
0.029999256134033203
0.032975196838378906
0.03098011016845703
0.03200054168701172
0.029997825622558594
0.03102564811706543
0.029997825622558594
0.04997110366821289
0.030997753143310547
0.04301285743713379
0.03199958801269531
0.029999971389770508
0.031998395919799805
0.03099846839904785
0.033991336822509766
0.031000852584838867
0.032998085021972656
0.029999256134033203
0.03300356864929199
0.03201150894165039
0.031022071838378906
0.030978679656982422
0.03297615051269531
0.030010700225830078
0.030999183654785156
0.03199911117553711
0.030997276306152344
0.031999826431274414
0.03099799156188965
0.032999277114868164
0.03300881385803223
0.03199148178100586
0.03099846839904785
0.029999494552612305
0.033013105392456055
0.0299990177154541
0.0319976806640625
0.030001401901245117
0.03298449516296387
0.032000064849853516
0.03199887275695801
0.03200078010559082
0.03301191329956055
0.029999732971191406
0.03300023078918457
0.03399920463562012
0.03299975395202637
0.03299832344055176
0.03199887275695801
0.031000852584838867
0.03299832344055176
0.03101205825805664
0.03299880027770996
0.03199887275695801
0.03299975395202637
0.030998706817626953
0.030998945236206055
0.18900251388549805
0.03301119804382324
0.031033992767333984
0.030965328216552734
0.03199625015258789
0.030033111572265625
0.03200030326843262
0.029996871948242188
0.03396463394165039
0.029999971389770508
0.03200101852416992
0.02999711036682129
0.03197360038757324
0.031981706619262695
0.03201794624328613
0.03197002410888672
0.03301429748535156
0.031000852584838867
0.03399968147277832
0.03000044822692871
0.0319981575012207
0.030999422073364258
0.03200054168701172
0.030000686645507812
0.030998706817626953
0.029999256134033203
0.03199958801269531
0.031000375747680664
0.03300023078918457
0.029998779296875
0.031002283096313477
0.030000925064086914
0.03099966049194336
0.03101062774658203
0.03200030326843262
0.030999422073364258
0.03399968147277832
0.032000064849853516
0.03299570083618164
0.0319972038269043
0.03299856185913086
0.031000375747680664
0.03198647499084473
0.03200411796569824
0.03300142288208008
0.03300070762634277
0.03201031684875488
0.029976606369018555
0.03199887275695801
0.029991626739501953
0.03299856185913086
0.028998613357543945
0.030012130737304688
0.029999494552612305
0.03102254867553711
0.031996726989746094
0.032999515533447266
0.03202080726623535
0.03198075294494629
0.0319972038269043
0.03196597099304199
0.03199934959411621
0.030976057052612305
0.03299856185913086
0.03301239013671875
0.03098893165588379
0.03296637535095215
0.030999183654785156
0.030983448028564453
0.030954360961914062
0.03200030326843262
0.031005859375
0.03301596641540527
0.03100895881652832
0.03299999237060547
0.03099846839904785
0.03197002410888672
0.0319666862487793
0.03299999237060547
0.029999971389770508
0.03300023078918457
0.03199934959411621
0.032001495361328125
0.031000852584838867
0.03094625473022461
0.03199958801269531
0.03099370002746582
0.03298354148864746
0.0319976806640625
0.03199148178100586
0.03300070762634277
0.032007694244384766
0.0349879264831543
0.030004501342773438
0.03399991989135742
0.03200197219848633
0.033034324645996094
0.03098297119140625
0.03303337097167969
0.03100419044494629
0.03403186798095703
0.031946420669555664
0.03100132942199707
0.03202700614929199
0.032012224197387695
0.029999494552612305
0.03294944763183594
0.031001806259155273
0.03396344184875488
0.03200030326843262
0.030999183654785156
0.03200030326843262
0.03402996063232422
0.030969858169555664
0.03201746940612793
0.031012296676635742
0.03201484680175781
0.02899646759033203
0.029985427856445312
0.03203082084655762
0.031999826431274414
0.031000375747680664
0.0320286750793457
0.03297924995422363
0.03197503089904785
0.03101372718811035
0.031995534896850586
0.031000614166259766
0.03200101852416992
0.029975175857543945
0.03300166130065918
0.03201651573181152
0.032000064849853516
0.0319974422454834
0.032968759536743164
0.031008005142211914
0.031998634338378906
0.030029773712158203
0.03200244903564453
0.03299832344055176
0.03097820281982422
0.031986236572265625
0.03100109100341797
0.030998945236206055
0.032012224197387695
0.030027389526367188
0.03201913833618164
0.032006025314331055
0.031029939651489258
0.03296661376953125
0.032999515533447266
0.03298354148864746
0.03400897979736328
0.030988454818725586
0.03300046920776367
0.030999183654785156
0.03200054168701172
0.03099822998046875
0.031009197235107422
0.030999183654785156
0.0319981575012207
0.03299999237060547
0.03299880027770996
0.031009197235107422
0.03499794006347656
0.03200101852416992
0.03300046920776367
0.03099822998046875
0.03299856185913086
0.029998779296875
0.0299985408782959
0.028999805450439453
0.030999422073364258
0.029999494552612305
0.031002283096313477
0.02999734878540039
0.030999183654785156
0.030000686645507812
0.03300595283508301
0.031995534896850586
0.030988216400146484
0.031002044677734375
0.03300023078918457
0.030999183654785156
0.0319972038269043
0.03100132942199707
0.03296661376953125
0.03199934959411621
0.0339970588684082
0.030969619750976562
0.031998395919799805
0.030000686645507812
0.03199410438537598
0.03099370002746582
0.029998779296875
0.031999826431274414
0.0319979190826416
0.03096914291381836
0.03397011756896973
0.030997753143310547
0.03197646141052246
0.032002925872802734
0.031996965408325195
0.03000020980834961
0.031038999557495117
0.029970169067382812
0.031000375747680664
0.031996965408325195
0.032976627349853516
0.031000614166259766
0.03201031684875488
0.030989885330200195
0.03200125694274902
0.0319972038269043
0.03300905227661133
0.030991792678833008
0.030997276306152344
0.03099679946899414
0.03300023078918457
0.03099989891052246
0.0319976806640625
0.03200173377990723
0.032999515533447266
0.032004356384277344
0.03099656105041504
0.029998779296875
0.030999183654785156
0.030999183654785156
0.03300070762634277
0.031999826431274414
0.031993865966796875
0.03100419044494629
0.03199934959411621
0.03200030326843262
0.0319979190826416
0.031000375747680664
0.03200030326843262
0.030985355377197266
0.031010150909423828
0.03199887275695801
0.030997753143310547
0.034017324447631836
0.03500056266784668
0.04199838638305664
0.030998706817626953
0.029998302459716797
0.03199887275695801
0.03099989891052246
0.030999422073364258
0.029000282287597656
0.03000187873840332
0.028996944427490234
0.032974958419799805
0.0310361385345459
0.03201174736022949
0.03098607063293457
0.032958269119262695
0.03200030326843262
0.031018733978271484
0.030972003936767578
0.03200078010559082
0.030005693435668945
0.033968448638916016
0.03200268745422363
0.033006906509399414
0.03199362754821777
0.03198814392089844
0.029998302459716797
0.03196430206298828
0.03099799156188965
0.0319979190826416
0.031998634338378906
0.031999826431274414
0.03299975395202637
0.03199434280395508
0.030997753143310547
0.03199934959411621
0.03201436996459961
0.03200030326843262
0.03200030326843262
0.03199410438537598
0.03397655487060547
0.03200173377990723
0.0319979190826416
0.03200078010559082
0.031002044677734375
0.03299975395202637
0.03198504447937012
0.03099846839904785
0.030966758728027344
0.03199958801269531
0.031000375747680664
0.031998634338378906
0.031000614166259766
0.03400874137878418
0.03001689910888672
0.03200078010559082
0.030971050262451172
0.03200840950012207
0.03199124336242676
0.03200721740722656
0.031003952026367188
0.03396487236022949
0.031998634338378906
0.03303074836730957
0.030003786087036133
0.03399991989135742
0.031004905700683594
0.0339510440826416
0.031000614166259766
0.03297019004821777
0.0329899787902832
0.03303074836730957
0.03199291229248047
0.0339968204498291
0.030977964401245117
0.0330045223236084
0.03202652931213379
0.03397631645202637
0.03300142288208008
0.03301429748535156
0.03099989891052246
0.03397321701049805
0.03199934959411621
0.03199934959411621
0.032000064849853516
0.0319981575012207
0.031002044677734375
0.03299856185913086
0.031001567840576172
0.032999515533447266
0.03200411796569824
0.03299260139465332
0.03199648857116699
0.033010005950927734
0.030989885330200195
0.031003236770629883
0.03199148178100586
0.03298830986022949
0.029998302459716797
0.0319976806640625
0.03202676773071289
0.030988693237304688
0.031998395919799805
0.03200721740722656
0.030005216598510742
0.031996726989746094
0.03203082084655762
0.03200054168701172
0.032999277114868164
0.03300595283508301
0.03198719024658203
0.03295326232910156
0.03202056884765625
0.03200268745422363
0.03200125694274902
0.033000946044921875
0.032011985778808594
0.03197169303894043
0.03100442886352539
0.03299355506896973
0.033003807067871094
0.03299689292907715
0.03199887275695801
0.03298068046569824
0.03002786636352539
0.030998945236206055
0.03300046920776367
0.03300070762634277
0.0319974422454834
0.05300164222717285
0.03999948501586914
0.032999515533447266
0.03098607063293457
0.029004335403442383
0.03200030326843262
0.030034303665161133
0.03197813034057617
0.031995296478271484
0.032998085021972656
0.030998945236206055
0.03298807144165039
0.03200078010559082
0.031980037689208984
0.03099966049194336
0.03201174736022949
0.03198885917663574
0.033000946044921875
0.03199911117553711
0.03298187255859375
0.0319976806640625
0.03100132942199707
0.0319981575012207
0.030999183654785156
0.029996633529663086
0.029998064041137695
0.03300070762634277
0.03299975395202637
0.029996156692504883
0.03400015830993652
0.03200101852416992
0.030997514724731445
0.030000925064086914
0.03099989891052246
0.030998945236206055
0.03299975395202637
0.029999494552612305
0.029999494552612305
0.02999734878540039
0.03099846839904785
0.03101205825805664
0.032999515533447266
0.030999183654785156
0.03300666809082031
0.03199338912963867
0.031957149505615234
0.03200030326843262
0.03201031684875488
0.03199028968811035
0.032013654708862305
0.031006336212158203
0.03299713134765625
0.030997753143310547
0.032970428466796875
0.03200340270996094
0.03203105926513672
0.030980587005615234
0.02899909019470215
0.031996965408325195
0.03300166130065918
0.030994415283203125
0.03200674057006836
0.032999277114868164
0.033978939056396484
0.029987812042236328
0.03200078010559082
0.03099822998046875
0.03099966049194336
0.03298521041870117
0.03200030326843262
0.03102898597717285
0.03399181365966797
0.0319979190826416
0.03201103210449219
0.030997753143310547
0.03300070762634277
0.029998064041137695
0.03203296661376953
0.03199911117553711
0.02996826171875
0.032000064849853516
0.03300023078918457
0.032001495361328125
0.032973289489746094
0.03297734260559082
0.03303194046020508
0.031000137329101562
0.03300046920776367
0.03099822998046875
0.032959938049316406
0.03301048278808594
0.032999277114868164
0.029997825622558594
0.03299975395202637
0.031999826431274414
0.033998966217041016
0.03103160858154297
0.031999826431274414
0.032997846603393555
0.03300070762634277
0.029989957809448242
0.033997297286987305
0.030999422073364258
0.030997753143310547
0.030004024505615234
0.03400778770446777
0.030000686645507812
0.03401350975036621
0.03099846839904785
0.03301262855529785
0.03198599815368652
0.03301239013671875
0.031987905502319336
0.0330049991607666
0.03298807144165039
0.03300023078918457
0.029999256134033203
0.033988237380981445
0.030999183654785156
0.030999422073364258
0.029999732971191406
0.03200554847717285
0.030998945236206055
0.03300046920776367
0.032004356384277344
0.032999515533447266
0.030997276306152344
0.03199911117553711
0.03100109100341797
0.031992197036743164
0.029996871948242188
0.032001495361328125
0.03199625015258789
0.03200340270996094
0.030998706817626953
0.030999422073364258
0.03199887275695801
0.032000064849853516
0.0319981575012207
0.03299832344055176
0.031026840209960938
0.029969453811645508
0.03297781944274902
0.03297710418701172
0.03299999237060547
0.033000946044921875
0.030998945236206055
0.029976844787597656
0.03096771240234375
0.03299999237060547
0.03099822998046875
0.03099822998046875
0.030999183654785156
0.03200030326843262
0.03099370002746582
0.0319976806640625
0.03000044822692871
0.031998634338378906
0.031000375747680664
0.03199958801269531
0.029999732971191406
0.03200268745422363
0.029999494552612305
0.030999183654785156
0.03200173377990723
0.03201103210449219
0.031977176666259766
0.030998945236206055
0.032998085021972656
0.03397083282470703
0.031032323837280273
0.03296399116516113
0.02999258041381836
0.03203535079956055
0.030999422073364258
0.03099799156188965
0.03098273277282715
0.033000946044921875
0.030971527099609375
0.031992435455322266
0.031977176666259766
0.0319976806640625
0.030968904495239258
0.03200507164001465
0.031000614166259766
0.031998395919799805
0.031000614166259766
0.03399968147277832
0.031000852584838867
0.016993284225463867
0.03599810600280762
0.033000946044921875
0.0319972038269043
0.031011581420898438
0.031986236572265625
0.029998064041137695
0.03199911117553711
0.03199958801269531
0.03199911117553711
0.034002065658569336
0.031009674072265625
0.03296828269958496
0.03200030326843262
0.031998395919799805
0.031999826431274414
0.03299999237060547
0.0299990177154541
0.03099822998046875
0.03099989891052246
0.03200054168701172
0.031012296676635742
0.032999277114868164
0.030998706817626953
0.03200125694274902
0.031002521514892578
0.03099370002746582
0.03198599815368652
0.03298044204711914
0.03198552131652832
0.030997514724731445
0.030997276306152344
0.03099989891052246
0.03199958801269531
0.032000064849853516
0.03199911117553711
0.031998395919799805
0.0299990177154541
0.03199958801269531
0.029999256134033203
0.03199911117553711
0.030997753143310547
0.0319979190826416
0.030999422073364258
0.03400015830993652
0.029999732971191406
0.029991626739501953
0.031000137329101562
0.03200054168701172
0.03199625015258789
0.032007455825805664
0.030997514724731445
0.03200197219848633
0.031996965408325195
0.0319981575012207
0.031000137329101562
0.03399920463562012
0.031000852584838867
0.032993316650390625
0.030002593994140625
0.03198075294494629
0.03199934959411621
0.031998395919799805
0.03000020980834961
0.03199911117553711
0.02999734878540039
0.03296494483947754
0.031998634338378906
0.03197455406188965
0.030997753143310547
0.031995296478271484
0.03100299835205078
0.03400444984436035
0.03201794624328613
0.03199577331542969
0.030991792678833008
0.03197741508483887
0.03096175193786621
0.03100275993347168
0.031012535095214844
0.03099656105041504
0.03099822998046875
0.0309908390045166
0.030998945236206055
0.03299999237060547
0.03299856185913086
0.03301286697387695
0.031986236572265625
0.0319981575012207
0.029999732971191406
0.032000064849853516
0.029999494552612305
0.03199648857116699
0.03199887275695801
0.031998395919799805
0.03000044822692871
0.03200125694274902
0.030987024307250977
0.031000375747680664
0.03199958801269531
0.03398847579956055
0.03099966049194336
0.031000137329101562
0.033997535705566406
0.03297114372253418
0.03299999237060547
0.032007694244384766
0.03199648857116699
0.03301072120666504
0.030999183654785156
0.03200173377990723
0.030992507934570312
0.031000375747680664
0.03198742866516113
0.029987812042236328
0.030999183654785156
0.03399991989135742
0.031000375747680664
0.031000137329101562
0.029013395309448242
0.03200244903564453
0.02999711036682129
0.03299880027770996
0.029999256134033203
0.031000375747680664
0.031999826431274414
0.03200101852416992
0.02998518943786621
0.030997753143310547
0.029996156692504883
0.03200864791870117
0.03399252891540527
0.031044960021972656
0.03296852111816406
0.03103351593017578
0.03099513053894043
0.03299975395202637
0.03001236915588379
0.03198981285095215
0.03199887275695801
0.0299990177154541
0.029998779296875
0.03198504447937012
0.029999971389770508
0.03300023078918457
0.032000064849853516
0.03099989891052246
0.03200030326843262
0.032999277114868164
0.029999256134033203
0.03101181983947754
0.03099966049194336
0.03200817108154297
0.03199625015258789
0.03099799156188965
0.0319981575012207
0.030988216400146484
0.03200101852416992
0.03199934959411621
0.03100299835205078
0.03300333023071289
0.03099656105041504
0.03199291229248047
0.03200030326843262
0.0319981575012207
0.031003236770629883
0.03199005126953125
0.030998706817626953
0.03299283981323242
0.031000614166259766
0.032999515533447266
0.03198814392089844
0.03200054168701172
0.03200173377990723
0.03299903869628906
0.030998706817626953
0.03199887275695801
0.031000137329101562
0.031002044677734375
0.029999732971191406
0.030999422073364258
0.0320131778717041
0.03199958801269531
0.032009124755859375
0.03200483322143555
0.03199958801269531
0.03099656105041504
0.03200936317443848
0.03299593925476074
0.030999183654785156
0.031000137329101562
0.029999732971191406
0.03200030326843262
0.03099846839904785
0.0319981575012207
0.03098773956298828
0.034002065658569336
0.03199887275695801
0.031998634338378906
0.030993938446044922
0.03199958801269531
0.029999494552612305
0.031009912490844727
0.030997037887573242
0.03299999237060547
0.029997825622558594
0.030997753143310547
0.03299975395202637
0.031987905502319336
0.031033992767333984
0.032968759536743164
0.02998208999633789
0.03196859359741211
0.03100109100341797
0.03195476531982422
0.03099846839904785
0.03297543525695801
0.031003952026367188
0.031999826431274414
0.030994653701782227
0.033002614974975586
0.031017780303955078
0.031000614166259766
0.03199887275695801
0.03399848937988281
0.0319972038269043
0.03099846839904785
0.030977487564086914
0.03200173377990723
0.030998945236206055
0.03899979591369629
0.03599882125854492
0.028998136520385742
0.03599858283996582
0.031998634338378906
0.029000520706176758
0.030999183654785156
0.02997279167175293
0.03096747398376465
0.031009435653686523
0.031961917877197266
0.03200078010559082
0.03296518325805664
0.031012296676635742
0.03202509880065918
0.03200817108154297
0.03198838233947754
0.032975196838378906
0.030030250549316406
0.03296923637390137
0.031036853790283203
0.031972646713256836
0.033988237380981445
0.0309751033782959
0.03197145462036133
0.03196883201599121
0.03400397300720215
0.029996156692504883
0.031000375747680664
0.031000375747680664
0.0340116024017334
0.030987024307250977
0.030998706817626953
0.031000614166259766
0.03299427032470703
0.031011104583740234
0.032998085021972656
0.031000852584838867
0.032990217208862305
0.03099799156188965
0.029999732971191406
0.03099989891052246
0.03400015830993652
0.03000020980834961
0.03099846839904785
0.03099989891052246
0.031000614166259766
0.03199958801269531
0.03199887275695801
0.030999183654785156
0.033000946044921875
0.029999494552612305
0.031011581420898438
0.03100872039794922
0.03199481964111328
0.031998634338378906
0.032009124755859375
0.030998945236206055
0.03200054168701172
0.0319981575012207
0.030002593994140625
0.032996177673339844
0.03400015830993652
0.03099799156188965
0.032993316650390625
0.03100132942199707
0.03199958801269531
0.03099846839904785
0.03299999237060547
0.030999183654785156
0.030999183654785156
0.031000852584838867
0.033000946044921875
0.031999826431274414
0.03199887275695801
0.03000807762145996
0.032004594802856445
0.0319981575012207
0.0319981575012207
0.0299985408782959
0.03200030326843262
0.030999183654785156
0.03200578689575195
0.031000137329101562
0.03200364112854004
0.030985355377197266
0.03197050094604492
0.032998085021972656
0.03199887275695801
0.0320127010345459
0.03197169303894043
0.03199648857116699
0.03102898597717285
0.032011985778808594
0.0319979190826416
0.030975818634033203
0.03302574157714844
0.031003713607788086
0.033025264739990234
0.031000852584838867
0.032999515533447266
0.030028581619262695
0.032022714614868164
0.030974626541137695
0.03303265571594238
0.030977964401245117
0.032000064849853516
0.03199887275695801
0.03096914291381836
0.02999567985534668
0.03199934959411621
0.030999183654785156
0.032997846603393555
0.030971050262451172
0.030998706817626953
0.03197145462036133
0.03199958801269531
0.02899909019470215
0.030998945236206055
0.03199362754821777
0.031998634338378906
0.031031370162963867
0.03399825096130371
0.03299856185913086
0.03197503089904785
0.029998779296875
0.03300118446350098
0.03099989891052246
0.031998634338378906
0.03200268745422363
0.03199934959411621
0.030999422073364258
0.031000375747680664
0.03099966049194336
0.030997514724731445
0.031000375747680664
0.03101372718811035
0.030976295471191406
0.031993865966796875
0.03099822998046875
0.031032323837280273
0.03099656105041504
0.031980037689208984
0.031020641326904297
0.032967567443847656
0.03201603889465332
0.03299975395202637
0.03203582763671875
0.031995296478271484
0.03297710418701172
0.033967018127441406
0.03100132942199707
0.03300070762634277
0.03100109100341797
0.03397536277770996
0.03200817108154297
0.03398895263671875
0.03196978569030762
0.03299975395202637
0.03197908401489258
0.033014774322509766
0.030005216598510742
0.03299880027770996
0.030999183654785156
0.03399991989135742
0.029998064041137695
0.031995296478271484
0.031000375747680664
0.03198599815368652
0.031999826431274414
0.03299975395202637
0.03099966049194336
0.03199887275695801
0.0299990177154541
0.03199911117553711
0.03199958801269531
0.030999183654785156
0.030999183654785156
0.03301286697387695
0.029999971389770508
0.030998706817626953
0.03000950813293457
0.030988216400146484
0.030997037887573242
0.03098917007446289
0.031000375747680664
0.03399991989135742
0.029999494552612305
0.03299832344055176
0.030998945236206055
0.03301215171813965
0.030999183654785156
0.03199934959411621
0.02899909019470215
0.032999515533447266
0.031005382537841797
0.032999277114868164
0.031000375747680664
0.032006263732910156
0.03200387954711914
0.03199887275695801
0.03000020980834961
0.03099799156188965
0.030992507934570312
0.03199958801269531
0.032000064849853516
0.03400015830993652
0.03199911117553711
0.03199887275695801
0.030999422073364258
0.03199911117553711
0.03099966049194336
0.029992103576660156
0.030000686645507812
0.0330042839050293
0.030994653701782227
0.032997846603393555
0.031012535095214844
0.03299975395202637
0.030008554458618164
0.03199362754821777
0.03200030326843262
0.03198647499084473
0.0299990177154541
0.03199934959411621
0.031002044677734375
0.0330045223236084
0.029995441436767578
0.0310060977935791
0.03299880027770996
0.032999515533447266
0.03198409080505371
0.03099799156188965
0.03200078010559082
0.031011581420898438
0.03099966049194336
0.034028053283691406
0.031983137130737305
0.03400468826293945
0.030999422073364258
0.032999277114868164
0.030997276306152344
0.03299856185913086
0.030000686645507812
0.032970428466796875
0.032975196838378906
0.03200030326843262
0.030014514923095703
0.03200364112854004
0.03096914291381836
0.032035112380981445
0.02997756004333496
0.03300142288208008
0.0319981575012207
0.03200101852416992
0.030968666076660156
0.03299999237060547
0.030998945236206055
0.03196454048156738
0.03299880027770996
0.03203105926513672
0.029979467391967773
0.03196907043457031
0.0319972038269043
0.03300023078918457
0.03099846839904785
0.03299975395202637
0.030999422073364258
0.031984806060791016
0.03199887275695801
0.03099966049194336
0.03200054168701172
0.032000064849853516
0.03200078010559082
0.030997514724731445
0.031005144119262695
0.029984235763549805
0.03297686576843262
0.03099799156188965
0.031011343002319336
0.032998085021972656
0.03099846839904785
0.03299736976623535
0.031999826431274414
0.0330045223236084
0.03001117706298828
0.03200244903564453
0.03099799156188965
0.03200387954711914
0.03201866149902344
0.030973196029663086
0.030963659286499023
0.03204011917114258
0.03097057342529297
0.034000396728515625
0.032030582427978516
0.03299999237060547
0.03098893165588379
0.03199911117553711
0.03100132942199707
0.03199338912963867
0.03200864791870117
0.03196287155151367
0.030005693435668945
0.029998779296875
0.0319981575012207
0.031999826431274414
0.0319979190826416
0.03297734260559082
0.0319979190826416
0.031986236572265625
0.03200030326843262
0.030997514724731445
0.030998706817626953
0.031978607177734375
0.03299903869628906
0.03299260139465332
0.031998634338378906
0.03497791290283203
0.030991315841674805
0.03395342826843262
0.031000852584838867
0.03197789192199707
0.03300023078918457
0.03403115272521973
0.030001163482666016
0.03299665451049805
0.03299832344055176
0.034000396728515625
0.015997886657714844
0.03300046920776367
0.03199911117553711
0.032998085021972656
0.034000396728515625
0.032000064849853516
0.03299903869628906
0.030999183654785156
0.03300023078918457
0.029999971389770508
0.03099989891052246
0.03099822998046875
0.03099679946899414
0.029998779296875
0.031998395919799805
0.03099989891052246
0.030993223190307617
0.03099846839904785
0.030001163482666016
0.030998945236206055
0.03299999237060547
0.02899909019470215
0.029997825622558594
0.030999422073364258
0.0319981575012207
0.031000137329101562
0.03199911117553711
0.03298687934875488
0.03200650215148926
0.032004594802856445
0.03300046920776367
0.030999422073364258
0.03198719024658203
0.028998613357543945
0.03297710418701172
0.0300290584564209
0.031033992767333984
0.030971288681030273
0.031002283096313477
0.029993057250976562
0.029994487762451172
0.03300046920776367
0.03199625015258789
0.03296494483947754
0.032967329025268555
0.028997182846069336
0.03402280807495117
0.031033039093017578
0.03299593925476074
0.030036449432373047
0.03200078010559082
0.032001495361328125
0.030977725982666016
0.029976367950439453
0.031977176666259766
0.03299665451049805
0.03296518325805664
0.032000064849853516
0.033965110778808594
0.031007051467895508
0.03197431564331055
0.030969858169555664
0.03397226333618164
0.03100299835205078
0.032999277114868164
0.03200721740722656
0.03296065330505371
0.030966520309448242
0.03199934959411621
0.03199362754821777
0.03399991989135742
0.031009197235107422
0.032998085021972656
0.030989408493041992
0.0319979190826416
0.029968738555908203
0.03099966049194336
0.03097701072692871
0.030977249145507812
0.030997037887573242
0.029997587203979492
0.032009124755859375
0.03699994087219238
0.03799772262573242
0.04000043869018555
0.029999256134033203
0.029999494552612305
0.031002283096313477
0.03299999237060547
0.029997825622558594
0.031000137329101562
0.032001495361328125
0.03297138214111328
0.03103351593017578
0.03297019004821777
0.03000044822692871
0.03101348876953125
0.030989885330200195
0.029984235763549805
0.029997587203979492
0.031013011932373047
0.030999422073364258
0.03302788734436035
0.031970977783203125
0.03399157524108887
0.030991315841674805
0.0319979190826416
0.03199887275695801
0.033035993576049805
0.03199124336242676
0.031998395919799805
0.03199911117553711
0.03299999237060547
0.02999258041381836
0.03299832344055176
0.03200054168701172
0.0319979190826416
0.030999422073364258
0.03400015830993652
0.031001567840576172
0.03298163414001465
0.03099966049194336
0.03201150894165039
0.031031370162963867
0.031977176666259766
0.030992984771728516
0.03302311897277832
0.032013893127441406
0.03200054168701172
0.03103184700012207
0.0329742431640625
0.030997514724731445
0.03200125694274902
0.0299990177154541
0.030987024307250977
0.032003164291381836
0.030998945236206055
0.03300023078918457
0.03101491928100586
0.031010866165161133
0.03299236297607422
0.033006906509399414
0.033950090408325195
0.029974937438964844
0.033003807067871094
0.03099679946899414
0.0319976806640625
0.03199577331542969
0.032999515533447266
0.03199911117553711
0.032973289489746094
0.031031131744384766
0.032982826232910156
0.031987905502319336
0.031008243560791016
0.03097701072692871
0.031996726989746094
0.031970977783203125
0.03402829170227051
0.029970645904541016
0.03297781944274902
0.0319974422454834
0.03299903869628906
0.030042409896850586
0.03199911117553711
0.030999183654785156
0.0319826602935791
0.03000020980834961
0.029996871948242188
0.03299975395202637
0.03200960159301758
0.03302478790283203
0.03196263313293457
0.03296375274658203
0.03196454048156738
0.0319671630859375
0.0319819450378418
0.031969308853149414
0.031964778900146484
0.03202676773071289
0.03099822998046875
0.03099966049194336
0.031960487365722656
0.03100109100341797
0.03398466110229492
0.030988454818725586
0.03400111198425293
0.031003713607788086
0.031001567840576172
0.030977725982666016
0.03400850296020508
0.03199958801269531
0.032000064849853516
0.029997587203979492
0.03198671340942383
0.03202939033508301
0.03396415710449219
0.031000375747680664
0.0320131778717041
0.031998395919799805
0.03196978569030762
0.03099679946899414
0.031999826431274414
0.031028270721435547
0.031998634338378906
0.03204011917114258
0.032000064849853516
0.0320284366607666
0.03198719024658203
0.03099846839904785
0.0319976806640625
0.03099989891052246
0.03299736976623535
0.03200244903564453
0.03202462196350098
0.03200793266296387
0.03203129768371582
0.029967784881591797
0.03299975395202637
0.031004905700683594
0.03297090530395508
0.0320286750793457
0.03396725654602051
0.0299990177154541
0.03203225135803223
0.031968116760253906
0.03199958801269531
0.031035423278808594
0.03296780586242676
0.031995534896850586
0.03302407264709473
0.02997446060180664
0.03198361396789551
0.0319974422454834
0.033000946044921875
0.03200817108154297
0.03299999237060547
0.03202986717224121
0.03200650215148926
0.03101205825805664
0.031006813049316406
0.031032085418701172
0.03200960159301758
0.03203248977661133
0.0329747200012207
0.031999826431274414
0.03099822998046875
0.032000064849853516
0.03203177452087402
0.03200101852416992
0.03299760818481445
0.03096604347229004
0.03098773956298828
0.030998706817626953
0.03196835517883301
0.03000164031982422
0.030999183654785156
0.03199934959411621
0.03399848937988281
0.031000137329101562
0.034000396728515625
0.029999971389770508
0.03200054168701172
0.031005859375
0.03099846839904785
0.03100132942199707
0.03200840950012207
0.030997514724731445
0.03199648857116699
0.03099799156188965
0.031990766525268555
0.031000137329101562
0.03303384780883789
0.030999422073364258
0.03200054168701172
0.031000375747680664
0.03199911117553711
0.030997514724731445
0.0319979190826416
0.03101038932800293
0.03299736976623535
0.030998945236206055
0.03399968147277832
0.032000064849853516
0.03300762176513672
0.031028270721435547
0.031999826431274414
0.03099989891052246
0.0319979190826416
0.030000686645507812
0.02996969223022461
0.03199934959411621
0.031998395919799805
0.03000020980834961
0.031999826431274414
0.029999256134033203
0.031999826431274414
0.03199934959411621
0.032999277114868164
0.030999422073364258
0.03200054168701172
0.03099989891052246
0.030004262924194336
0.030996084213256836
0.032000064849853516
0.030998945236206055
0.031009674072265625
0.03099679946899414
0.03200078010559082
0.0319981575012207
0.03099799156188965
0.031000137329101562
0.03400015830993652
0.031998634338378906
0.03300023078918457
0.03200197219848633
0.032987356185913086
0.030977249145507812
0.033989906311035156
0.030997037887573242
0.03198742866516113
0.031980276107788086
0.032006263732910156
0.031000614166259766
0.029999256134033203
0.031972408294677734
0.03204941749572754
0.031012535095214844
0.03400111198425293
0.029999732971191406
0.03203010559082031
0.030011415481567383
0.032998085021972656
0.031017303466796875
0.02996063232421875
0.03200078010559082
0.03300046920776367
0.029985904693603516
0.030998945236206055
0.03199934959411621
0.032000064849853516
0.03299999237060547
0.03299856185913086
0.03299975395202637
0.03299880027770996
0.031000137329101562
0.03199958801269531
0.03200125694274902
0.03199887275695801
0.031966209411621094
0.033013343811035156
0.0310056209564209
0.03203105926513672
0.02899956703186035
0.03300189971923828
0.03000044822692871
0.0330045223236084
0.03199481964111328
0.03296828269958496
0.030998945236206055
0.03196430206298828
0.030998945236206055
0.03399968147277832
0.030999183654785156
0.032972097396850586
0.03002452850341797
0.03099799156188965
0.03101325035095215
0.033007144927978516
0.030980825424194336
0.03298306465148926
0.03201723098754883
0.032006025314331055
0.03097987174987793
0.03400707244873047
0.031033992767333984
0.03300118446350098
0.03200244903564453
0.03299880027770996
0.031987667083740234
0.03300166130065918
0.02999114990234375
0.030997753143310547
0.03201031684875488
0.03299903869628906
0.030029296875
0.03396177291870117
0.03200078010559082
0.03299832344055176
0.029975414276123047
0.034009456634521484
0.029977083206176758
0.03099846839904785
0.03099966049194336
0.034010887145996094
0.030997037887573242
0.03099989891052246
0.029997825622558594
0.032993316650390625
0.03200840950012207
0.03200483322143555
0.0319974422454834
0.03198647499084473
0.030023574829101562
0.03299903869628906
0.03099989891052246
0.030999422073364258
0.03199362754821777
0.0320134162902832
0.03298521041870117
0.03099822998046875
0.03297781944274902
0.03199911117553711
0.030997037887573242
0.03396797180175781
0.03196382522583008
0.031967878341674805
0.030977725982666016
0.03203845024108887
0.029976606369018555
0.03200221061706543
0.031006574630737305
0.033983469009399414
0.03200101852416992
0.03202176094055176
0.031975507736206055
0.032973289489746094
0.031999826431274414
0.032962799072265625
0.030997276306152344
0.030999183654785156
0.031010150909423828
0.031998634338378906
0.032000064849853516
0.03199195861816406
0.031016111373901367
0.0319674015045166
0.03299975395202637
0.031999826431274414
0.0319972038269043
0.03099226951599121
0.03105330467224121
0.03400063514709473
0.030999422073364258
0.030999422073364258
0.0320127010345459
0.030997514724731445
0.032948970794677734
0.031033754348754883
0.030998945236206055
0.032998085021972656
0.0319972038269043
0.03199934959411621
0.029998302459716797
0.03301215171813965
0.03198671340942383
0.031999826431274414
0.03199958801269531
0.03301501274108887
0.03099799156188965
0.03199887275695801
0.029999256134033203
0.032999277114868164
0.03099966049194336
0.03299856185913086
0.03199887275695801
0.03300786018371582
0.031005382537841797
0.031000375747680664
0.032000064849853516
0.03501534461975098
0.0309903621673584
0.03299593925476074
0.03100109100341797
0.031998395919799805
0.02999734878540039
0.03199958801269531
0.033000946044921875
0.032001495361328125
0.03102707862854004
0.032998085021972656
0.031978607177734375
0.033022403717041016
0.030997514724731445
0.03400850296020508
0.030991077423095703
0.032973527908325195
0.03199338912963867
0.03098583221435547
0.029999494552612305
0.03199958801269531
0.029998779296875
0.033011674880981445
0.030986309051513672
0.03199958801269531
0.030994176864624023
0.03200078010559082
0.03099846839904785
0.032012939453125
0.031000137329101562
0.03200173377990723
0.03100299835205078
0.030997514724731445
0.03200936317443848
0.03300023078918457
0.031009197235107422
0.0319979190826416
0.031000852584838867
0.03299975395202637
0.03199934959411621
0.03199601173400879
0.03198647499084473
0.03099989891052246
0.047997474670410156
0.032999277114868164
0.03200030326843262
0.029998779296875
0.030999183654785156
0.03402066230773926
0.0319819450378418
0.03200101852416992
0.02802300453186035
0.03197765350341797
0.029999732971191406
0.032999277114868164
0.029994964599609375
0.033005714416503906
0.03203439712524414
0.03299713134765625
0.03200650215148926
0.03203439712524414
0.031972408294677734
0.03299999237060547
0.03299999237060547
0.03300023078918457
0.030976295471191406
0.03302717208862305
0.031993865966796875
0.03399944305419922
0.030034303665161133
0.03500032424926758
0.029997825622558594
0.03299880027770996
0.030999183654785156
0.032999515533447266
0.030999422073364258
0.03200650215148926
0.0299985408782959
0.03199887275695801
0.02999734878540039
0.034032583236694336
0.03200101852416992
0.031029224395751953
0.030968666076660156
0.03297877311706543
0.03199887275695801
0.03197431564331055
0.031966447830200195
0.03202390670776367
0.012970447540283203
