7.356620788574219
0.03501248359680176
0.03799867630004883
0.03399825096130371
0.029998064041137695
0.03500032424926758
0.033011436462402344
0.031999826431274414
0.034998178482055664
0.034998416900634766
0.03201031684875488
0.03099846839904785
0.02899956703186035
0.03099966049194336
0.0299990177154541
0.0330042839050293
0.03299832344055176
0.0390019416809082
0.03099822998046875
0.031001567840576172
0.03299760818481445
0.03300809860229492
0.03199172019958496
0.03299903869628906
0.03300023078918457
0.031000852584838867
0.03299880027770996
0.033998966217041016
0.03100132942199707
0.03300023078918457
0.029989004135131836
0.03300046920776367
0.03000044822692871
0.03201413154602051
0.0319981575012207
0.03699970245361328
0.03201103210449219
0.03300356864929199
0.03099799156188965
0.03200078010559082
0.03099989891052246
0.03100109100341797
0.032998085021972656
0.03300142288208008
0.030996322631835938
0.035001277923583984
0.0319974422454834
0.032000064849853516
0.03099989891052246
0.03299975395202637
0.03300070762634277
0.03299689292907715
0.030998706817626953
0.032000064849853516
0.029999256134033203
0.031998634338378906
0.034998416900634766
0.03799724578857422
0.03499960899353027
0.03499794006347656
0.03399801254272461
0.03299975395202637
0.030999422073364258
0.032999515533447266
0.03199958801269531
0.032001495361328125
0.032004356384277344
0.03300023078918457
0.029998779296875
0.031999826431274414
0.0299990177154541
0.03099822998046875
0.030000686645507812
0.03199958801269531
0.030999183654785156
0.0320127010345459
0.0299985408782959
0.031999826431274414
0.03099822998046875
0.033998727798461914
0.03099989891052246
0.031996726989746094
0.03100109100341797
0.031000614166259766
0.02999734878540039
0.030998706817626953
0.03400063514709473
0.03099966049194336
0.03200030326843262
0.03098440170288086
0.0319979190826416
0.030999422073364258
0.029999732971191406
0.031999826431274414
0.031000375747680664
0.03299975395202637
0.030008792877197266
0.031998395919799805
0.03199911117553711
0.03099846839904785
0.030999183654785156
0.032000064849853516
0.030998945236206055
0.033000946044921875
0.02999591827392578
0.0319979190826416
0.031996965408325195
0.03101205825805664
0.029999494552612305
0.03300118446350098
0.031998634338378906
0.03300023078918457
0.030998945236206055
0.030997514724731445
0.03199934959411621
0.033998727798461914
0.03199958801269531
0.032999515533447266
0.03000020980834961
0.030998706817626953
0.031009674072265625
0.032999515533447266
0.03199911117553711
0.03200030326843262
0.03200030326843262
0.031996965408325195
0.03200078010559082
0.03299999237060547
0.029999256134033203
0.03200411796569824
0.055001258850097656
0.02999734878540039
0.035001277923583984
0.03199911117553711
0.030998945236206055
0.030999422073364258
0.029999732971191406
0.033000946044921875
0.029993772506713867
0.031000375747680664
0.03499960899353027
0.031000852584838867
0.029998064041137695
0.0299990177154541
0.031999826431274414
0.03499937057495117
0.03099966049194336
0.03299689292907715
0.030997753143310547
0.03600001335144043
0.032998085021972656
0.03599977493286133
0.03099966049194336
0.03399991989135742
0.03099846839904785
0.0319979190826416
0.03099989891052246
0.0319979190826416
0.029999256134033203
0.032001495361328125
0.029012441635131836
0.0339970588684082
0.03099846839904785
0.032998085021972656
0.03299736976623535
0.030998706817626953
0.029997587203979492
0.03499126434326172
0.031998634338378906
0.03199887275695801
0.028998851776123047
0.030998945236206055
0.031999826431274414
0.03099846839904785
0.03200054168701172
0.03099656105041504
0.0299990177154541
0.031999826431274414
0.029998064041137695
0.030999422073364258
0.029000520706176758
0.02899646759033203
0.031000852584838867
0.03299999237060547
0.03298807144165039
0.03099846839904785
0.03199958801269531
0.03499960899353027
0.029000282287597656
0.029998302459716797
0.030001401901245117
0.03299880027770996
0.030999183654785156
0.03199958801269531
0.032002925872802734
0.03299856185913086
0.030998945236206055
0.03099799156188965
0.0299985408782959
0.032999515533447266
0.029998302459716797
0.03200173377990723
0.029997825622558594
0.034000396728515625
0.03101062774658203
0.03201413154602051
0.03200078010559082
0.033000946044921875
0.03299880027770996
0.03200125694274902
0.028996944427490234
0.031000137329101562
0.03299856185913086
0.03099846839904785
0.029999256134033203
0.031998395919799805
0.02899932861328125
0.0319981575012207
0.029998302459716797
0.03200840950012207
0.03199005126953125
0.03200030326843262
0.03099799156188965
0.03200221061706543
0.03200054168701172
0.032000064849853516
0.029996633529663086
0.029999732971191406
0.0319974422454834
0.031998634338378906
0.03000020980834961
0.03100132942199707
0.0319979190826416
0.030999422073364258
0.030000925064086914
0.029999732971191406
0.029999256134033203
0.029998302459716797
0.037008047103881836
0.031001806259155273
0.029996633529663086
0.032000064849853516
0.03099799156188965
0.03201413154602051
0.031984567642211914
0.03299856185913086
0.030997037887573242
0.03198671340942383
0.0319976806640625
0.03299856185913086
0.03200984001159668
0.03200125694274902
0.03099799156188965
0.03200173377990723
0.031011343002319336
0.03295159339904785
0.030998945236206055
0.03199887275695801
0.029999256134033203
0.03199934959411621
0.0299985408782959
0.03200054168701172
0.03100419044494629
0.03000044822692871
0.032998085021972656
0.03199934959411621
0.032984256744384766
0.031000375747680664
0.028998374938964844
0.03099799156188965
0.031999826431274414
0.03299856185913086
0.02899932861328125
0.032001495361328125
0.030998706817626953
0.03200030326843262
0.03199911117553711
0.032999277114868164
0.03199934959411621
0.034000396728515625
0.029999256134033203
0.03199887275695801
0.031000614166259766
0.03399944305419922
0.0299990177154541
0.03100275993347168
0.030992746353149414
0.03199958801269531
0.030997276306152344
0.0320131778717041
0.03199481964111328
0.032999277114868164
0.029998064041137695
0.031998634338378906
0.032999277114868164
0.03299975395202637
0.0319981575012207
0.0309903621673584
0.0319981575012207
0.0319974422454834
0.03099822998046875
0.03200554847717285
0.02899909019470215
0.032999277114868164
0.031012535095214844
0.03299903869628906
0.03200030326843262
0.031989336013793945
0.030999422073364258
0.03300619125366211
0.03099346160888672
0.032000064849853516
0.0319979190826416
0.029993772506713867
0.030997276306152344
0.029990434646606445
0.03199958801269531
0.0319972038269043
0.029999494552612305
0.030999183654785156
0.030998706817626953
0.030997753143310547
0.0299985408782959
0.031998634338378906
0.029997825622558594
0.03099846839904785
0.03099846839904785
0.03200078010559082
0.029998779296875
0.030001163482666016
0.030998706817626953
0.033997535705566406
0.03200864791870117
0.03200101852416992
0.0299985408782959
0.031998395919799805
0.029999971389770508
0.030998706817626953
0.029999494552612305
0.03300046920776367
0.032000064849853516
0.031000375747680664
0.0299990177154541
0.03101205825805664
0.030986547470092773
0.03199958801269531
0.030002832412719727
0.03299546241760254
0.03000044822692871
0.03199911117553711
0.030000686645507812
0.031000137329101562
0.02899932861328125
0.03599858283996582
0.030000686645507812
0.03200054168701172
0.029998302459716797
0.031998634338378906
0.029998302459716797
0.034998178482055664
0.029997825622558594
0.03200054168701172
0.03099966049194336
0.03199958801269531
0.03099966049194336
0.03500771522521973
0.030000686645507812
0.031000852584838867
0.032996177673339844
0.029998064041137695
0.02899909019470215
0.0330052375793457
0.19002342224121094
0.03401327133178711
0.032998085021972656
0.0299990177154541
0.030997276306152344
0.029998302459716797
0.031000137329101562
0.0319981575012207
0.03199887275695801
0.031000852584838867
0.03300952911376953
0.031000375747680664
0.03200173377990723
0.03200054168701172
0.03099822998046875
0.03199648857116699
0.0319981575012207
0.03299832344055176
0.029983997344970703
0.03200268745422363
0.033997535705566406
0.03200101852416992
0.03099799156188965
0.030998706817626953
0.0319979190826416
0.0280001163482666
0.03199911117553711
0.029999494552612305
0.03300070762634277
0.029999971389770508
0.031998634338378906
0.056001901626586914
0.04799938201904297
0.03899812698364258
0.03499937057495117
0.030013322830200195
0.033000946044921875
0.030999422073364258
0.031000614166259766
0.028998136520385742
0.031999826431274414
0.03099846839904785
0.0319976806640625
0.029000282287597656
0.0319981575012207
0.028998136520385742
0.03299975395202637
0.03500008583068848
0.032998085021972656
0.052999019622802734
0.03999924659729004
0.035001516342163086
0.04399728775024414
0.029999256134033203
0.04899787902832031
0.030999183654785156
0.02801346778869629
0.0339968204498291
0.03299975395202637
0.03099679946899414
0.03200101852416992
0.03000044822692871
0.029998302459716797
0.030000686645507812
0.030001401901245117
0.03299760818481445
0.029999732971191406
0.030996322631835938
0.0319976806640625
0.03099846839904785
0.029995203018188477
0.03299880027770996
0.028998613357543945
0.031001806259155273
0.04499959945678711
0.04799962043762207
0.04400038719177246
0.029999494552612305
0.03199887275695801
0.030994176864624023
0.030997753143310547
0.03000044822692871
0.03200030326843262
0.029999494552612305
0.031998395919799805
0.028998851776123047
0.03299903869628906
0.029998779296875
0.030000925064086914
0.029000520706176758
0.029999494552612305
0.03199911117553711
0.03200030326843262
0.029999494552612305
0.0299985408782959
0.029999256134033203
0.031000137329101562
0.029999494552612305
0.029997587203979492
0.029997825622558594
0.03299975395202637
0.031014204025268555
0.032001495361328125
0.0299990177154541
0.03300118446350098
0.030999183654785156
0.032999515533447266
0.029998302459716797
0.037000179290771484
0.0319979190826416
0.03199911117553711
0.028998851776123047
0.032000064849853516
0.030000925064086914
0.029999732971191406
0.029001474380493164
0.03301405906677246
0.028999805450439453
0.031000614166259766
0.031006336212158203
0.030999183654785156
0.03300189971923828
0.0319972038269043
0.02899789810180664
0.03500103950500488
0.03099679946899414
0.031998395919799805
0.030027151107788086
0.03296971321105957
0.03097987174987793
0.032998085021972656
0.031998634338378906
0.033997297286987305
0.03300046920776367
0.03299760818481445
0.03099799156188965
0.03600144386291504
0.031998634338378906
0.03400897979736328
0.02998971939086914
0.031999826431274414
0.028998136520385742
0.03499913215637207
0.029999732971191406
0.03299713134765625
0.02899789810180664
0.03201103210449219
0.029987335205078125
0.029999971389770508
0.029998302459716797
0.03198504447937012
0.03099989891052246
0.030999183654785156
0.031000614166259766
0.03300285339355469
0.03300952911376953
0.03300189971923828
0.030998706817626953
0.03101205825805664
0.03299760818481445
0.031999826431274414
0.03099822998046875
0.03099989891052246
0.03299975395202637
0.0330047607421875
0.03299355506896973
0.03299832344055176
0.03099822998046875
0.03500032424926758
0.03399968147277832
0.03701353073120117
0.03399777412414551
0.03800010681152344
0.03299880027770996
0.034998416900634766
0.0299990177154541
0.03299999237060547
0.031001567840576172
0.032999515533447266
0.029998064041137695
0.03100109100341797
0.02899956703186035
0.03099966049194336
0.030000686645507812
0.030000686645507812
0.029999494552612305
0.031000375747680664
0.030000925064086914
0.03299546241760254
0.02998495101928711
0.0319979190826416
0.03099679946899414
0.02899646759033203
0.03200030326843262
0.03199505805969238
0.031000375747680664
0.031998395919799805
0.030997514724731445
0.031011104583740234
0.029993772506713867
0.03300929069519043
0.03099966049194336
0.03300333023071289
0.030998945236206055
0.03399968147277832
0.031000375747680664
0.03398704528808594
0.03100109100341797
0.033998727798461914
0.030000686645507812
0.03499770164489746
0.031000375747680664
0.03299975395202637
0.030998945236206055
0.032000064849853516
0.030999183654785156
0.032000064849853516
0.030991315841674805
0.03099966049194336
0.029998302459716797
0.03099656105041504
0.03200030326843262
0.03399968147277832
0.029998302459716797
0.03399991989135742
0.028998851776123047
0.031999826431274414
0.029999971389770508
0.029998779296875
0.028998613357543945
0.03199195861816406
0.029999971389770508
0.031000137329101562
0.029983997344970703
0.03300023078918457
0.031005859375
0.02999734878540039
0.03100109100341797
0.033988237380981445
0.028997182846069336
0.032000064849853516
0.03000020980834961
0.06400084495544434
0.039997100830078125
0.06200075149536133
0.05299830436706543
0.034998416900634766
0.06899666786193848
0.034000396728515625
0.033997535705566406
0.0579991340637207
0.04300093650817871
0.03499746322631836
0.040999412536621094
0.03499937057495117
0.03399825096130371
0.03200078010559082
0.03499865531921387
0.04199981689453125
0.032999515533447266
0.03100109100341797
0.02999734878540039
0.032999277114868164
0.029998302459716797
0.03399848937988281
0.03199911117553711
0.047516822814941406
0.04699826240539551
0.03600049018859863
0.03299975395202637
0.0319974422454834
0.031999826431274414
0.033997297286987305
0.03200078010559082
0.03299975395202637
0.0319981575012207
0.03300046920776367
0.031000137329101562
0.032997846603393555
0.03200054168701172
0.03399920463562012
0.031000375747680664
0.03199887275695801
0.030990123748779297
0.03299760818481445
0.03299880027770996
0.036000728607177734
0.0319981575012207
0.03299903869628906
0.03301382064819336
0.030997276306152344
0.030994415283203125
0.03400087356567383
0.07199883460998535
0.032000064849853516
0.03200078010559082
0.03099989891052246
0.03199934959411621
0.031001567840576172
0.03199911117553711
0.03200078010559082
0.03299903869628906
0.0319976806640625
0.03399801254272461
0.030001401901245117
0.033998966217041016
0.03100299835205078
0.03300142288208008
0.03299832344055176
0.035001277923583984
0.03498578071594238
0.0339963436126709
0.03300023078918457
0.033986806869506836
0.03499889373779297
0.033987998962402344
0.03100132942199707
0.031998634338378906
0.03200030326843262
0.03299999237060547
0.03199934959411621
0.03499937057495117
0.030001401901245117
0.031000137329101562
0.031011343002319336
0.0299990177154541
0.032997846603393555
0.031000137329101562
0.03399944305419922
0.03200054168701172
0.03199887275695801
0.03400158882141113
0.03400087356567383
0.03299736976623535
0.029997587203979492
0.03598427772521973
0.029999494552612305
0.03199887275695801
0.059000492095947266
0.04299664497375488
0.0579988956451416
0.040999412536621094
0.0390019416809082
0.04200148582458496
0.033998727798461914
0.03799867630004883
0.03499650955200195
0.03400707244873047
0.040001630783081055
0.03599429130554199
0.03799939155578613
0.0429987907409668
0.03199911117553711
0.03900003433227539
0.04200029373168945
0.0670003890991211
0.03199958801269531
0.0370030403137207
0.04299640655517578
0.03699946403503418
0.04000258445739746
0.030999183654785156
0.03299975395202637
0.03299999237060547
0.03299665451049805
0.032999277114868164
0.029999494552612305
0.03299903869628906
0.030000925064086914
0.031996965408325195
0.03100109100341797
0.031998395919799805
0.03300070762634277
0.01599907875061035
0.07199907302856445
0.054996490478515625
0.03099799156188965
0.03400158882141113
0.06500077247619629
0.03500080108642578
0.031000137329101562
0.04099631309509277
0.032999515533447266
0.036998748779296875
0.041998863220214844
0.03399777412414551
0.032999515533447266
0.034000396728515625
0.04900050163269043
0.04899859428405762
0.03199934959411621
0.040999412536621094
0.037000179290771484
0.03300046920776367
0.054999351501464844
0.03300023078918457
0.038001060485839844
0.04099893569946289
0.03199887275695801
0.037000417709350586
0.032000064849853516
0.037000417709350586
0.036998748779296875
0.034999847412109375
0.032000064849853516
0.0339968204498291
0.03198814392089844
0.03300142288208008
0.031996726989746094
0.03399848937988281
0.03399777412414551
0.04000043869018555
0.03199887275695801
0.06299853324890137
0.045000553131103516
0.038999319076538086
0.03099799156188965
0.03400015830993652
0.031999826431274414
0.031996726989746094
0.03200101852416992
0.03299999237060547
0.030999183654785156
0.03399801254272461
0.032001495361328125
0.03299999237060547
0.03199887275695801
0.03299975395202637
0.03099799156188965
0.03300285339355469
0.028999805450439453
0.03299832344055176
0.031000614166259766
0.03299975395202637
0.0319976806640625
0.04300189018249512
0.052995920181274414
0.03499960899353027
0.029999494552612305
0.05899810791015625
0.032999277114868164
0.03700065612792969
0.03400015830993652
0.03299975395202637
0.033998966217041016
0.031000614166259766
0.030998706817626953
0.031000375747680664
0.03200054168701172
0.03399944305419922
0.0410008430480957
0.03499794006347656
0.03800177574157715
0.04499936103820801
0.032999277114868164
0.031998634338378906
0.03199958801269531
0.03799891471862793
0.037000179290771484
0.03299665451049805
0.04399919509887695
0.03799915313720703
0.03599810600280762
0.03199958801269531
0.03800153732299805
0.03600049018859863
0.03499913215637207
0.03401327133178711
0.03599953651428223
0.033998727798461914
0.035997629165649414
0.032999515533447266
0.03600001335144043
0.0319979190826416
0.03499746322631836
0.040000200271606445
0.03599882125854492
0.03299832344055176
0.03300023078918457
0.03099966049194336
0.03500056266784668
0.03599977493286133
0.0429990291595459
0.03600144386291504
0.042000770568847656
0.03499913215637207
0.03999948501586914
0.03699946403503418
0.03599858283996582
0.03699088096618652
0.03599858283996582
0.03399944305419922
0.03500032424926758
0.05299949645996094
0.03399944305419922
0.031001806259155273
0.03299903869628906
0.029997587203979492
0.03200268745422363
0.030001401901245117
0.04499936103820801
0.03999948501586914
0.03399920463562012
0.03799152374267578
0.032999515533447266
0.03099799156188965
0.03300023078918457
0.029999256134033203
0.03399944305419922
0.03599882125854492
0.04900169372558594
0.03699827194213867
0.032999277114868164
0.03299975395202637
0.030998706817626953
0.03300023078918457
0.03000044822692871
0.03299999237060547
0.03199934959411621
0.03199887275695801
0.029999256134033203
0.031999826431274414
0.0299985408782959
0.031998634338378906
0.030998706817626953
0.029999494552612305
0.030001163482666016
0.03099799156188965
0.02899909019470215
0.03200340270996094
0.0299985408782959
0.029996871948242188
0.0319981575012207
0.029998302459716797
0.03099966049194336
0.03599953651428223
0.03199958801269531
0.03799891471862793
0.03399801254272461
0.03399777412414551
0.03100109100341797
0.032000064849853516
0.0289914608001709
0.030998706817626953
0.029999971389770508
0.03200078010559082
0.030998706817626953
0.032999277114868164
0.029000043869018555
0.033998727798461914
0.03099966049194336
0.03199934959411621
0.028998374938964844
0.03099799156188965
0.029998779296875
0.03299856185913086
0.031000614166259766
0.029999971389770508
0.029999494552612305
0.03399944305419922
0.03099989891052246
0.03199911117553711
0.03099799156188965
0.030999183654785156
0.03200078010559082
0.03300023078918457
0.03199934959411621
0.032000064849853516
0.031000375747680664
0.031999826431274414
0.03000044822692871
0.030997753143310547
0.03299832344055176
0.032000064849853516
0.03199887275695801
0.032000064849853516
0.032000064849853516
0.033002376556396484
0.03199887275695801
0.03400087356567383
0.03000020980834961
0.03400111198425293
0.0299985408782959
0.03299999237060547
0.0319979190826416
0.03300070762634277
0.031017303466796875
0.03299760818481445
0.03300166130065918
0.03200054168701172
0.029999732971191406
0.030999183654785156
0.0319981575012207
0.030998945236206055
0.030998706817626953
0.03300023078918457
0.031000137329101562
0.03200817108154297
0.0309908390045166
0.03299880027770996
0.03099989891052246
0.03199958801269531
0.0299990177154541
0.030999183654785156
0.030997753143310547
0.03200221061706543
0.030997753143310547
0.03099846839904785
0.03001236915588379
0.03299999237060547
0.03200101852416992
0.032000064849853516
0.03099846839904785
0.032999515533447266
0.03300046920776367
0.030999422073364258
0.029997825622558594
0.032000064849853516
0.030999183654785156
0.03099799156188965
0.030000925064086914
0.03299856185913086
0.03099799156188965
0.030998945236206055
0.030998945236206055
0.031000375747680664
0.03199887275695801
0.032000064849853516
0.029998302459716797
0.031998634338378906
0.030999422073364258
0.03200054168701172
0.030999422073364258
0.0319979190826416
0.0299985408782959
0.03199887275695801
0.030998945236206055
0.03300189971923828
0.029999494552612305
0.03197455406188965
0.03204989433288574
0.032964229583740234
0.03599858283996582
0.033998966217041016
0.031000137329101562
0.03199958801269531
0.030001163482666016
0.03599834442138672
0.030999183654785156
0.029999494552612305
0.029999971389770508
0.034000396728515625
0.03099989891052246
0.035001516342163086
0.032997846603393555
0.03599953651428223
0.02899932861328125
0.03299832344055176
0.03099846839904785
0.03500008583068848
0.030999422073364258
0.03199911117553711
0.03199958801269531
0.031999826431274414
0.030998706817626953
0.029998302459716797
0.030997753143310547
0.030999183654785156
0.03099989891052246
0.031000614166259766
0.03099846839904785
0.030998945236206055
0.030998945236206055
0.031998395919799805
0.031000137329101562
0.03200054168701172
0.03099822998046875
0.03600049018859863
0.03200101852416992
0.03399920463562012
0.03300118446350098
0.032999277114868164
0.03199958801269531
0.03300070762634277
0.03199934959411621
0.03200483322143555
0.029993295669555664
0.033000946044921875
0.031006574630737305
0.03199887275695801
0.03099679946899414
0.030999183654785156
0.030998706817626953
0.03199934959411621
0.030998945236206055
0.0319976806640625
0.03099846839904785
0.03199911117553711
0.03099799156188965
0.031999826431274414
0.029998779296875
0.03299236297607422
0.0319972038269043
0.03099966049194336
0.029999494552612305
0.03200030326843262
0.0319974422454834
0.032001495361328125
0.03099822998046875
0.03399991989135742
0.03199958801269531
0.031000375747680664
0.0319979190826416
0.029997825622558594
0.03099989891052246
0.031998395919799805
0.03099989891052246
0.03200030326843262
0.029998779296875
0.03199934959411621
0.029000043869018555
0.03200030326843262
0.029999732971191406
0.030998706817626953
0.0319979190826416
0.03200221061706543
0.0319981575012207
0.027997493743896484
0.031999826431274414
0.029998302459716797
0.032000064849853516
0.03200173377990723
0.02899932861328125
0.03099846839904785
0.029998302459716797
0.029999971389770508
0.030998706817626953
0.03300142288208008
0.030997753143310547
0.03099846839904785
0.031998395919799805
0.03300118446350098
0.03199911117553711
0.03199911117553711
0.032999515533447266
0.03200173377990723
0.016999244689941406
0.03499913215637207
0.03399920463562012
0.032000064849853516
0.06100058555603027
0.03899979591369629
0.03699970245361328
0.0330045223236084
0.029999256134033203
0.030998945236206055
0.030999183654785156
0.031999826431274414
0.029001235961914062
0.030997514724731445
0.027999162673950195
0.03099989891052246
0.032000064849853516
0.03200101852416992
0.030997753143310547
0.029998064041137695
0.02999711036682129
0.029997587203979492
0.039002418518066406
0.037000179290771484
0.0319972038269043
0.031000137329101562
0.028996944427490234
0.03000020980834961
0.03099989891052246
0.03099846839904785
0.03199625015258789
0.029999494552612305
0.0319981575012207
0.0299985408782959
0.031996726989746094
0.030998945236206055
0.07699966430664062
0.03499650955200195
0.03200054168701172
0.030001163482666016
0.029998302459716797
0.02999734878540039
0.02999734878540039
0.039002418518066406
0.03300046920776367
0.03800010681152344
0.031999826431274414
0.031998634338378906
0.03299999237060547
0.02900099754333496
0.032000064849853516
0.03000044822692871
0.031000614166259766
0.029999732971191406
0.0299985408782959
0.029000043869018555
0.030999183654785156
0.03099966049194336
0.032000064849853516
0.030999422073364258
0.0299985408782959
0.03099989891052246
0.0319981575012207
0.031000614166259766
0.03199887275695801
0.030998706817626953
0.03200030326843262
0.029999732971191406
0.031999826431274414
0.029999971389770508
0.032001495361328125
0.03099822998046875
0.031000614166259766
0.03099822998046875
0.03200030326843262
0.02998805046081543
0.03299975395202637
0.030998706817626953
0.0319981575012207
0.029997825622558594
0.031013011932373047
0.031000375747680664
0.0319981575012207
0.030999422073364258
0.0319979190826416
0.031000852584838867
0.031000137329101562
0.0299990177154541
0.032999277114868164
0.030997514724731445
0.03200101852416992
0.028998613357543945
0.030998706817626953
0.03199958801269531
0.03199887275695801
0.0319979190826416
0.03299903869628906
0.030002593994140625
0.0319981575012207
0.03099989891052246
0.03299903869628906
0.03199958801269531
0.03199958801269531
0.029999971389770508
0.03199934959411621
0.03099989891052246
0.0330052375793457
0.03099536895751953
0.03099989891052246
0.0310060977935791
0.03200244903564453
0.030997753143310547
0.030997753143310547
0.03299999237060547
0.030997276306152344
0.030998706817626953
0.03299903869628906
0.03200125694274902
0.031999826431274414
0.03099846839904785
0.031998395919799805
0.030002832412719727
0.03199958801269531
0.030998706817626953
0.03399944305419922
0.031007766723632812
0.03300023078918457
0.03099799156188965
0.03301072120666504
0.03699135780334473
0.03198981285095215
0.03099966049194336
0.030000925064086914
0.03399968147277832
0.03699994087219238
0.031996965408325195
0.029997825622558594
0.031000375747680664
0.0309908390045166
0.029999732971191406
0.03099966049194336
0.029999971389770508
0.02900099754333496
0.029997587203979492
0.03099989891052246
0.03199934959411621
0.03300070762634277
0.031998395919799805
0.03199911117553711
0.032000064849853516
0.03299832344055176
0.03099846839904785
0.03300046920776367
0.031000137329101562
0.03099989891052246
0.03000044822692871
0.03099989891052246
0.03200197219848633
0.031000614166259766
0.030998945236206055
0.03199911117553711
0.028996944427490234
0.03099822998046875
0.03099966049194336
0.03099846839904785
0.029000043869018555
0.03199958801269531
0.029997825622558594
0.032999277114868164
0.030998945236206055
0.031998395919799805
0.0299985408782959
0.03099989891052246
0.03099966049194336
0.0299990177154541
0.031999826431274414
0.03299832344055176
0.030999183654785156
0.03200078010559082
0.032998085021972656
0.03202247619628906
0.03200054168701172
0.03203415870666504
0.03196263313293457
0.03099799156188965
0.030962467193603516
0.03200078010559082
0.030997276306152344
0.032959938049316406
0.030998945236206055
0.0310211181640625
0.032968997955322266
0.032029151916503906
0.030028581619262695
0.03199958801269531
0.030998706817626953
0.03100132942199707
0.030999422073364258
0.03296494483947754
0.02996516227722168
0.03203558921813965
0.03100109100341797
0.033963918685913086
0.031999826431274414
0.03203320503234863
0.0299837589263916
0.03099989891052246
0.030999422073364258
0.03399920463562012
0.030999422073364258
0.031980037689208984
0.029999256134033203
0.031987905502319336
0.030994653701782227
0.03301715850830078
0.030000686645507812
0.03199911117553711
0.02999734878540039
0.03199934959411621
0.03099966049194336
0.029999971389770508
0.030005931854248047
0.030997514724731445
0.029033184051513672
0.031999826431274414
0.03199911117553711
0.03203177452087402
0.029975414276123047
0.03197050094604492
0.031000614166259766
0.03200101852416992
0.031032323837280273
0.0329890251159668
0.032000064849853516
0.02999401092529297
0.03199958801269531
0.03199958801269531
0.032000064849853516
0.0319976806640625
0.030035972595214844
0.03296494483947754
0.031002044677734375
0.03197908401489258
0.030998945236206055
0.03203225135803223
0.029998302459716797
0.033000946044921875
0.032035112380981445
0.033988237380981445
0.030000686645507812
0.030998945236206055
0.03200078010559082
0.03200125694274902
0.031003952026367188
0.029989957809448242
0.02997875213623047
0.031998634338378906
0.03102278709411621
0.03199887275695801
0.031998395919799805
0.03299903869628906
0.029998302459716797
0.030997753143310547
0.03100109100341797
0.031998634338378906
0.031000614166259766
0.035001277923583984
0.03399920463562012
0.03199887275695801
0.030999422073364258
0.03300118446350098
0.03099846839904785
0.03099846839904785
0.029997825622558594
0.030998945236206055
0.03201127052307129
0.02899932861328125
0.03300118446350098
0.031000614166259766
0.031999826431274414
0.02999734878540039
0.03300070762634277
0.032999515533447266
0.03300070762634277
0.03099989891052246
0.0319974422454834
0.029998302459716797
0.031999826431274414
0.029998779296875
0.03200101852416992
0.03099822998046875
0.029000520706176758
0.03199887275695801
0.029998779296875
0.034004926681518555
0.030993223190307617
0.03199911117553711
0.03099989891052246
0.0319976806640625
0.030999422073364258
0.03399944305419922
0.03200078010559082
0.0299990177154541
0.030997276306152344
0.031999826431274414
0.03199911117553711
0.03199887275695801
0.03099846839904785
0.03099966049194336
0.029998779296875
0.03099846839904785
0.03099989891052246
0.031998634338378906
0.030998706817626953
0.031008481979370117
0.029999971389770508
0.03099846839904785
0.03099679946899414
0.031999826431274414
0.03400015830993652
0.03196406364440918
0.030996322631835938
0.0320284366607666
0.031998634338378906
0.030996322631835938
0.03199887275695801
0.03200030326843262
0.032006025314331055
0.032999277114868164
0.03199934959411621
0.03200030326843262
0.029999256134033203
0.032033681869506836
0.0310366153717041
0.032999515533447266
0.03099822998046875
0.03203177452087402
0.031035184860229492
0.03303170204162598
0.029966115951538086
0.03299975395202637
0.033032894134521484
0.03299880027770996
0.028998851776123047
0.03299999237060547
0.033000946044921875
0.03200030326843262
0.032999515533447266
0.03299856185913086
0.03200030326843262
0.031998395919799805
0.032999515533447266
0.02900075912475586
0.030998945236206055
0.029998064041137695
0.0309903621673584
0.03099656105041504
0.03299975395202637
0.03200101852416992
0.03199887275695801
0.03299880027770996
0.03299880027770996
0.03299832344055176
0.03300023078918457
0.0319979190826416
0.03099656105041504
0.0319981575012207
0.03199958801269531
0.03099966049194336
0.030998945236206055
0.030998945236206055
0.029998779296875
0.03199887275695801
0.015999794006347656
