5.693986654281616
0.034012556076049805
0.034014225006103516
0.03599739074707031
0.0309751033782959
0.03399920463562012
0.031012535095214844
0.031999826431274414
0.032002925872802734
0.031999826431274414
0.03298044204711914
0.03398752212524414
0.0800013542175293
0.06699943542480469
0.03500056266784668
0.033998966217041016
0.03199887275695801
0.03299856185913086
0.03199911117553711
0.03400135040283203
0.0319976806640625
0.031000137329101562
0.030997753143310547
0.032000064849853516
0.030998706817626953
0.03300046920776367
0.03099966049194336
0.033000946044921875
0.030998945236206055
0.032999515533447266
0.031998634338378906
0.03299856185913086
0.03199267387390137
0.03198981285095215
0.03199934959411621
0.032997846603393555
0.034000396728515625
0.03299975395202637
0.0319972038269043
0.03299856185913086
0.0319981575012207
0.03200173377990723
0.03299212455749512
0.031998395919799805
0.03099846839904785
0.03099989891052246
0.03200793266296387
0.030999422073364258
0.03198504447937012
0.029999971389770508
0.031998634338378906
0.03200125694274902
0.03500008583068848
0.04399871826171875
0.035997867584228516
0.0309908390045166
0.03300666809082031
0.03101038932800293
0.03199911117553711
0.03099799156188965
0.03200078010559082
0.030998706817626953
0.030998706817626953
0.02899932861328125
0.03201413154602051
0.03198647499084473
0.03300070762634277
0.030997514724731445
0.033000946044921875
0.0319976806640625
0.03200721740722656
0.029996871948242188
0.0319981575012207
0.03099799156188965
0.05700063705444336
0.03999733924865723
0.03300023078918457
0.03099822998046875
0.029999971389770508
0.029997825622558594
0.030998706817626953
0.031001567840576172
0.032999277114868164
0.03200030326843262
0.0340113639831543
0.03298664093017578
0.03299856185913086
0.03299903869628906
0.031998634338378906
0.03200030326843262
0.07499909400939941
0.04600048065185547
0.03300046920776367
0.03199934959411621
0.03199911117553711
0.031998395919799805
0.031999826431274414
0.03000044822692871
0.03099846839904785
0.030997753143310547
0.030999183654785156
0.03000020980834961
0.029996156692504883
0.03000020980834961
0.03299856185913086
0.03199911117553711
0.03299975395202637
0.03199934959411621
0.03099966049194336
0.031000614166259766
0.03400015830993652
0.031998634338378906
0.03200268745422363
0.03499722480773926
0.03300023078918457
0.03200483322143555
0.03299736976623535
0.031999826431274414
0.030997037887573242
0.031000614166259766
0.032999277114868164
0.030001163482666016
0.031000852584838867
0.0299985408782959
0.029997825622558594
0.031991004943847656
0.03500175476074219
0.029999256134033203
0.03699636459350586
0.029992103576660156
0.031998395919799805
0.031000137329101562
0.032998085021972656
0.030000686645507812
0.030999422073364258
0.03099846839904785
0.0319981575012207
0.03199911117553711
0.030998945236206055
0.030999183654785156
0.03199911117553711
0.03099846839904785
0.0319981575012207
0.028997182846069336
0.03199911117553711
0.029997825622558594
0.029999971389770508
0.031000852584838867
0.03400135040283203
0.032998085021972656
0.033998727798461914
0.031000375747680664
0.03199958801269531
0.030999183654785156
0.03300166130065918
0.032997846603393555
0.0319979190826416
0.029997825622558594
0.031999826431274414
0.03200078010559082
0.03499794006347656
0.03099966049194336
0.032999277114868164
0.030998706817626953
0.03300023078918457
0.03099799156188965
0.03201103210449219
0.03199911117553711
0.05099797248840332
0.06100177764892578
0.039998531341552734
0.032000064849853516
0.03600144386291504
0.03301382064819336
0.03799772262573242
0.03199887275695801
0.03199958801269531
0.03099989891052246
0.03399968147277832
0.03099799156188965
0.03400063514709473
0.032999277114868164
0.0319974422454834
0.030997753143310547
0.03500199317932129
0.03299212455749512
0.034000396728515625
0.03599977493286133
0.04799509048461914
0.03200411796569824
0.0339970588684082
0.03399801254272461
0.031000614166259766
0.03699922561645508
0.03300023078918457
0.03399991989135742
0.034000396728515625
0.03399944305419922
0.03299975395202637
0.034006357192993164
0.03100109100341797
0.03199887275695801
0.03300023078918457
0.03299546241760254
0.04400277137756348
0.056000709533691406
0.03501081466674805
0.04800009727478027
0.03400015830993652
0.03400087356567383
0.03199601173400879
0.03198838233947754
0.030997037887573242
0.035001277923583984
0.032013893127441406
0.03299736976623535
0.03199625015258789
0.033997297286987305
0.03199958801269531
0.03299999237060547
0.030999183654785156
0.031998395919799805
0.030998706817626953
0.03299546241760254
0.030999422073364258
0.0330045223236084
0.03199505805969238
0.03200101852416992
0.030998706817626953
0.03300023078918457
0.034004926681518555
0.03299736976623535
0.03000020980834961
0.033998727798461914
0.032007455825805664
0.0329899787902832
0.031000614166259766
0.031000852584838867
0.032988786697387695
0.03299140930175781
0.03299736976623535
0.03300142288208008
0.031000614166259766
0.03200173377990723
0.0320131778717041
0.03299880027770996
0.03099846839904785
0.03300142288208008
0.031000375747680664
0.03300023078918457
0.03099846839904785
0.036000967025756836
0.02899956703186035
0.03199887275695801
0.03299736976623535
0.03399515151977539
0.03300118446350098
0.03200268745422363
0.030003786087036133
0.03198409080505371
0.030997514724731445
0.032999515533447266
0.03100419044494629
0.033002376556396484
0.030997514724731445
0.03399777412414551
0.043999671936035156
0.034999847412109375
0.03300023078918457
0.03299999237060547
0.03299975395202637
0.03299760818481445
0.03499317169189453
0.03800010681152344
0.03299903869628906
0.03200173377990723
0.03401064872741699
0.03499102592468262
0.0319974422454834
0.03199934959411621
0.034000396728515625
0.03299546241760254
0.032999515533447266
0.03100109100341797
0.033998966217041016
0.031000375747680664
0.030997753143310547
0.032000064849853516
0.032999515533447266
0.032999277114868164
0.033998966217041016
0.03399968147277832
0.036002397537231445
0.029995441436767578
0.03200054168701172
0.032000064849853516
0.0319972038269043
0.03199958801269531
0.03499960899353027
0.03301095962524414
0.03399968147277832
0.031995534896850586
0.03399777412414551
0.03299689292907715
0.03299903869628906
0.03099799156188965
0.03300118446350098
0.03199911117553711
0.032002925872802734
0.031996965408325195
0.03299880027770996
0.030995607376098633
0.035999298095703125
0.03100109100341797
0.03499865531921387
0.03300046920776367
0.037001609802246094
0.03299975395202637
0.03299713134765625
0.03400087356567383
0.05699729919433594
0.06299662590026855
0.04099845886230469
0.03899788856506348
0.031996965408325195
0.033997535705566406
0.03300142288208008
0.030998706817626953
0.032996177673339844
0.03099966049194336
0.03299736976623535
0.030997276306152344
0.03301405906677246
0.0319981575012207
0.0319974422454834
0.03099846839904785
0.032996416091918945
0.030997037887573242
0.03399920463562012
0.03099536895751953
0.03201150894165039
0.029999494552612305
0.03200078010559082
0.02998638153076172
0.031000614166259766
0.030998945236206055
0.033998727798461914
0.030000925064086914
0.03200173377990723
0.029999732971191406
0.031998634338378906
0.03399968147277832
0.033000946044921875
0.033000946044921875
0.03399848937988281
0.03399968147277832
0.03500008583068848
0.030998706817626953
0.03199934959411621
0.031000614166259766
0.03300070762634277
0.0319976806640625
0.032985687255859375
0.0299990177154541
0.031995534896850586
0.03200030326843262
0.03398704528808594
0.03099846839904785
0.0319972038269043
0.0319976806640625
0.03299999237060547
0.03200125694274902
0.17099833488464355
0.036997079849243164
0.0359952449798584
0.03200078010559082
0.031998395919799805
0.02999734878540039
0.03399991989135742
0.03200030326843262
0.03100132942199707
0.031012773513793945
0.03299832344055176
0.03199934959411621
0.03200125694274902
0.028998613357543945
0.03299760818481445
0.03300285339355469
0.032000064849853516
0.0319981575012207
0.03400135040283203
0.030988454818725586
0.03399944305419922
0.030997037887573242
0.032004356384277344
0.031995534896850586
0.032999515533447266
0.03198719024658203
0.029996395111083984
0.031000614166259766
0.03299713134765625
0.03199887275695801
0.03699803352355957
0.03299975395202637
0.032999277114868164
0.030997753143310547
0.032999515533447266
0.03200864791870117
0.03499770164489746
0.029997587203979492
0.0339968204498291
0.03099989891052246
0.0319981575012207
0.03100132942199707
0.03500103950500488
0.031000137329101562
0.03198885917663574
0.03099822998046875
0.03299856185913086
0.04600095748901367
0.03400063514709473
0.03201436996459961
0.03300118446350098
0.03299999237060547
0.03300070762634277
0.03399848937988281
0.03300118446350098
0.03299570083618164
0.03199934959411621
0.03398633003234863
0.029997825622558594
0.032999515533447266
0.030999183654785156
0.030000686645507812
0.032000064849853516
0.031000375747680664
0.028997421264648438
0.029998779296875
0.03199887275695801
0.030998945236206055
0.0320131778717041
0.03100109100341797
0.029997825622558594
0.03099966049194336
0.03099989891052246
0.032999277114868164
0.030999422073364258
0.03499770164489746
0.030998945236206055
0.03199934959411621
0.03200030326843262
0.03299832344055176
0.03000020980834961
0.03299450874328613
0.029999732971191406
0.030999422073364258
0.031000614166259766
0.029998064041137695
0.032000064849853516
0.033011436462402344
0.032988548278808594
0.03199887275695801
0.03199887275695801
0.0330047607421875
0.03099989891052246
0.032997846603393555
0.03100109100341797
0.03199601173400879
0.030999183654785156
0.03199934959411621
0.030999422073364258
0.0319976806640625
0.03099966049194336
0.03399801254272461
0.03000044822692871
0.030999422073364258
0.03099989891052246
0.032001495361328125
0.030997037887573242
0.030999183654785156
0.030998706817626953
0.03200030326843262
0.030997753143310547
0.03199911117553711
0.030998706817626953
0.033010005950927734
0.03299713134765625
0.0319981575012207
0.030998706817626953
0.030993938446044922
0.03000044822692871
0.05200624465942383
0.0599980354309082
0.0420076847076416
0.029987335205078125
0.03099822998046875
0.030999422073364258
0.03099799156188965
0.029998779296875
0.030999183654785156
0.03000020980834961
0.03100109100341797
0.030009746551513672
0.03299427032470703
0.03300023078918457
0.03399968147277832
0.030996084213256836
0.041002750396728516
0.03799605369567871
0.03899860382080078
0.031003236770629883
0.028998136520385742
0.030997753143310547
0.03199958801269531
0.029998302459716797
0.030999183654785156
0.029998064041137695
0.031000137329101562
0.0299985408782959
0.029001235961914062
0.03199911117553711
0.034002065658569336
0.03099822998046875
0.030998945236206055
0.03199648857116699
0.030984163284301758
0.030997753143310547
0.031000852584838867
0.0319979190826416
0.03500223159790039
0.04499936103820801
0.04399704933166504
0.030998706817626953
0.03199887275695801
0.030998706817626953
0.029999256134033203
0.029997825622558594
0.030994653701782227
0.031000137329101562
0.03199958801269531
0.031999826431274414
0.031998395919799805
0.031998395919799805
0.031993865966796875
0.03299880027770996
0.0310060977935791
0.032010555267333984
0.029998779296875
0.03300046920776367
0.030999183654785156
0.0319981575012207
0.03099989891052246
0.031998634338378906
0.0319981575012207
0.031998395919799805
0.030998945236206055
0.03300356864929199
0.03098750114440918
0.031992197036743164
0.03198742866516113
0.03300118446350098
0.03199911117553711
0.03300142288208008
0.030997276306152344
0.029996395111083984
0.0319981575012207
0.0319979190826416
0.031009197235107422
0.03399801254272461
0.030003786087036133
0.0319981575012207
0.030998706817626953
0.03400373458862305
0.03099536895751953
0.033011436462402344
0.03099846839904785
0.03500247001647949
0.04299640655517578
0.031999826431274414
0.031000137329101562
0.03099822998046875
0.03000020980834961
0.030000686645507812
0.03199911117553711
0.030998706817626953
0.0319976806640625
0.032022714614868164
0.032000064849853516
0.03299760818481445
0.03301191329956055
0.03197002410888672
0.03199601173400879
0.03399538993835449
0.03199934959411621
0.033998966217041016
0.02998828887939453
0.030996322631835938
0.029998302459716797
0.031990766525268555
0.030994176864624023
0.03099799156188965
0.031998395919799805
0.03199577331542969
0.032004594802856445
0.03301262855529785
0.030987262725830078
0.03299856185913086
0.03200650215148926
0.032999277114868164
0.030998945236206055
0.032999515533447266
0.030989885330200195
0.032000064849853516
0.03099822998046875
0.032999515533447266
0.030001163482666016
0.030997037887573242
0.03099966049194336
0.03299856185913086
0.0319979190826416
0.03299832344055176
0.030997276306152344
0.03400015830993652
0.030999183654785156
0.03099822998046875
0.03099966049194336
0.03200101852416992
0.034005165100097656
0.03199911117553711
0.02999711036682129
0.03200054168701172
0.029999494552612305
0.03099656105041504
0.03199911117553711
0.033010005950927734
0.0329890251159668
0.03500103950500488
0.031009674072265625
0.03300046920776367
0.03199887275695801
0.030997514724731445
0.03400015830993652
0.033000946044921875
0.0319979190826416
0.030998945236206055
0.02899789810180664
0.03099966049194336
0.030002355575561523
0.03300118446350098
0.029997587203979492
0.03099513053894043
0.03200364112854004
0.033998966217041016
0.0299985408782959
0.030997753143310547
0.031000137329101562
0.03199958801269531
0.03000020980834961
0.03199934959411621
0.030000925064086914
0.031001806259155273
0.03199911117553711
0.032999277114868164
0.031012296676635742
0.03099799156188965
0.030997276306152344
0.036016225814819336
0.03099822998046875
0.03200125694274902
0.029996395111083984
0.0319974422454834
0.03300333023071289
0.03299856185913086
0.029998779296875
0.038999080657958984
0.0319976806640625
0.034000396728515625
0.03399825096130371
0.03199911117553711
0.03099846839904785
0.03199887275695801
0.029999256134033203
0.03299999237060547
0.03000330924987793
0.03300070762634277
0.03299975395202637
0.035999298095703125
0.03199911117553711
0.032999515533447266
0.03099966049194336
0.03399825096130371
0.029999494552612305
0.031998634338378906
0.02899789810180664
0.03099989891052246
0.029997825622558594
0.03299999237060547
0.03099966049194336
0.03199601173400879
0.03098750114440918
0.032000064849853516
0.03299975395202637
0.033000946044921875
0.0319979190826416
0.03199958801269531
0.030998945236206055
0.03299903869628906
0.03099966049194336
0.032007694244384766
0.03299069404602051
0.032987356185913086
0.03199911117553711
0.03199887275695801
0.030997753143310547
0.03399848937988281
0.03199934959411621
0.03400111198425293
0.031998634338378906
0.031998395919799805
0.029999971389770508
0.03200173377990723
0.030998706817626953
0.031000137329101562
0.04900002479553223
0.037996768951416016
0.029999256134033203
0.033998727798461914
0.03099966049194336
0.030998706817626953
0.0299990177154541
0.031995296478271484
0.030001401901245117
0.03100132942199707
0.02899765968322754
0.03099822998046875
0.033000946044921875
0.036012887954711914
0.03198504447937012
0.03400015830993652
0.03300118446350098
0.03500080108642578
0.032997846603393555
0.03201127052307129
0.031005144119262695
0.03699684143066406
0.01700115203857422
0.03300166130065918
0.034995317459106445
0.029999494552612305
0.03299713134765625
0.03299880027770996
0.03199887275695801
0.03299880027770996
0.0319981575012207
0.03099822998046875
0.03399801254272461
0.03199887275695801
0.0319979190826416
0.03199958801269531
0.03200030326843262
0.031998395919799805
0.03399848937988281
0.03099799156188965
0.03400015830993652
0.032998085021972656
0.032000064849853516
0.03299856185913086
0.03299832344055176
0.03000807762145996
0.030997753143310547
0.03201174736022949
0.03199005126953125
0.03099966049194336
0.03200268745422363
0.03499746322631836
0.03200078010559082
0.0350039005279541
0.056998491287231445
0.03499913215637207
0.03800058364868164
0.031998634338378906
0.03400015830993652
0.03499865531921387
0.03499627113342285
0.03400063514709473
0.03299903869628906
0.032003164291381836
0.03499341011047363
0.03299856185913086
0.03200221061706543
0.03199648857116699
0.03000020980834961
0.03199934959411621
0.03200125694274902
0.03200173377990723
0.033006906509399414
0.03499960899353027
0.0319981575012207
0.03299903869628906
0.03300213813781738
0.03400063514709473
0.03299689292907715
0.030999183654785156
0.029000043869018555
0.031998634338378906
0.028996944427490234
0.03099989891052246
0.028998136520385742
0.03299975395202637
0.03099679946899414
0.030997753143310547
0.033002376556396484
0.0319981575012207
0.029998779296875
0.030997514724731445
0.029999971389770508
0.03199934959411621
0.031015872955322266
0.029998302459716797
0.030002355575561523
0.03200173377990723
0.03199911117553711
0.03300046920776367
0.03199148178100586
0.034000396728515625
0.030998945236206055
0.03300023078918457
0.03299379348754883
0.03500080108642578
0.03399944305419922
0.032999277114868164
0.03199887275695801
0.03399991989135742
0.030999422073364258
0.0319979190826416
0.0319974422454834
0.0319981575012207
0.03199958801269531
0.03299736976623535
0.02899932861328125
0.03199911117553711
0.029997587203979492
0.031999826431274414
0.031000614166259766
0.030997276306152344
0.031024694442749023
0.034984588623046875
0.029998302459716797
0.032999277114868164
0.03300309181213379
0.03299069404602051
0.0299985408782959
0.033998727798461914
0.031000852584838867
0.030999422073364258
0.030998706817626953
0.032996177673339844
0.03200054168701172
0.03299689292907715
0.030997753143310547
0.03200030326843262
0.030999422073364258
0.03300070762634277
0.03099822998046875
0.03099846839904785
0.03000020980834961
0.031000852584838867
0.030998706817626953
0.032000064849853516
0.030996084213256836
0.031004905700683594
0.028986215591430664
0.030995607376098633
0.032000064849853516
0.0319972038269043
0.02899956703186035
0.03199887275695801
0.030999422073364258
0.031999826431274414
0.03000187873840332
0.03399968147277832
0.031000614166259766
0.031998634338378906
0.030999422073364258
0.03399944305419922
0.03299903869628906
0.03300023078918457
0.03299856185913086
0.03300070762634277
0.0319979190826416
0.03399801254272461
0.03200054168701172
0.03299903869628906
0.03200078010559082
0.032997846603393555
0.028997182846069336
0.030000925064086914
0.02899765968322754
0.02999711036682129
0.03200197219848633
0.0330047607421875
0.030993938446044922
0.0319974422454834
0.031998634338378906
0.030997753143310547
0.03099846839904785
0.03400015830993652
0.0319981575012207
0.031998395919799805
0.03300142288208008
0.031998395919799805
0.030997514724731445
0.03199887275695801
0.02999734878540039
0.03099966049194336
0.029997587203979492
0.03200030326843262
0.030998706817626953
0.030998706817626953
0.03500223159790039
0.030998945236206055
0.02998185157775879
0.0319974422454834
0.031002044677734375
0.03200674057006836
0.030992746353149414
0.03300142288208008
0.03299689292907715
0.032999515533447266
0.03200078010559082
0.032998085021972656
0.030997514724731445
0.032999277114868164
0.03099846839904785
0.03000044822692871
0.029006242752075195
0.031002521514892578
0.029996395111083984
0.030997037887573242
0.029997587203979492
0.03099799156188965
0.03000020980834961
0.030998706817626953
0.028998851776123047
0.032000064849853516
0.031000137329101562
0.03200030326843262
0.030998945236206055
0.03299832344055176
0.029001474380493164
0.031999826431274414
0.031998634338378906
0.03200030326843262
0.030987262725830078
0.033002614974975586
0.03099846839904785
0.03300118446350098
0.030996084213256836
0.030998945236206055
0.031996726989746094
0.03299880027770996
0.030998945236206055
0.03301405906677246
0.029985904693603516
0.0319972038269043
0.03099799156188965
0.030999422073364258
0.0309906005859375
0.03199887275695801
0.03099799156188965
0.0319976806640625
0.03200101852416992
0.032000064849853516
0.031006574630737305
0.03199911117553711
0.03200387954711914
0.03399944305419922
0.02899956703186035
0.030998706817626953
0.030999183654785156
0.03200221061706543
0.04699850082397461
0.04799795150756836
0.04399847984313965
0.030000686645507812
0.03100132942199707
0.028998851776123047
0.03099822998046875
0.030997753143310547
0.030998945236206055
0.028998136520385742
0.03199887275695801
0.031000614166259766
0.03300118446350098
0.05599856376647949
0.03299880027770996
0.03199958801269531
0.04200148582458496
0.029996871948242188
0.03399324417114258
0.032000064849853516
0.03399801254272461
0.0299990177154541
0.032997846603393555
0.03200173377990723
0.03099822998046875
0.030994415283203125
0.03199052810668945
0.030000925064086914
0.029999494552612305
0.029998779296875
0.03099846839904785
0.029998779296875
0.03299856185913086
0.029999494552612305
0.031009912490844727
0.029988527297973633
0.031999826431274414
0.0299985408782959
0.03100132942199707
0.03200054168701172
0.029998302459716797
0.03299880027770996
0.03300118446350098
0.030999422073364258
0.03300142288208008
0.032000064849853516
0.032999277114868164
0.03400015830993652
0.031002044677734375
0.030985593795776367
0.03200173377990723
0.03099679946899414
0.029998302459716797
0.029996395111083984
0.030998706817626953
0.02999734878540039
0.03299903869628906
0.03200125694274902
0.03199625015258789
0.029998779296875
0.03300142288208008
0.031000137329101562
0.03199911117553711
0.03300070762634277
0.03399968147277832
0.03199958801269531
0.033995866775512695
0.03200054168701172
0.03300189971923828
0.03199911117553711
0.03299903869628906
0.029997825622558594
0.02900075912475586
0.029998064041137695
0.03099656105041504
0.03099989891052246
0.033998966217041016
0.030999422073364258
0.03299856185913086
0.03199887275695801
0.0319979190826416
0.0299990177154541
0.03099846839904785
0.029999494552612305
0.03199911117553711
0.03199958801269531
0.03199887275695801
0.030998945236206055
0.030998945236206055
0.030998945236206055
0.03101325035095215
0.030999422073364258
0.033002614974975586
0.03299117088317871
0.032001495361328125
0.03300070762634277
0.032996416091918945
0.03000020980834961
0.03199911117553711
0.031000137329101562
0.03199934959411621
0.031000137329101562
0.029998302459716797
0.03200030326843262
0.030998706817626953
0.03199958801269531
0.0319974422454834
0.032000064849853516
0.03099846839904785
0.028996706008911133
0.030997753143310547
0.031001806259155273
0.029998302459716797
0.028998136520385742
0.030995607376098633
0.0299985408782959
0.03099966049194336
0.03099822998046875
0.030997753143310547
0.031000137329101562
0.0320124626159668
0.029986858367919922
0.03199291229248047
0.03000044822692871
0.03298592567443848
0.03200674057006836
0.03398942947387695
0.03299880027770996
0.03199911117553711
0.03100109100341797
0.03500032424926758
0.0319979190826416
0.031996965408325195
0.02899956703186035
0.029999732971191406
0.029998064041137695
0.030997753143310547
0.015000581741333008
0.03499746322631836
0.029997825622558594
0.030000925064086914
0.030999183654785156
0.029999971389770508
0.03199934959411621
0.03200054168701172
0.03300046920776367
0.03200030326843262
0.03200125694274902
0.0339970588684082
0.031999826431274414
0.030000686645507812
0.031000614166259766
0.030997037887573242
0.02999711036682129
0.03199934959411621
0.031998395919799805
0.028996944427490234
0.029996871948242188
0.028997421264648438
0.03099966049194336
0.031000614166259766
0.03300023078918457
0.054999589920043945
0.031996965408325195
0.0320127010345459
0.034999847412109375
0.03099370002746582
0.03299903869628906
0.030000686645507812
0.029998064041137695
0.03300118446350098
0.03099799156188965
0.031000614166259766
0.030997514724731445
0.02999734878540039
0.03300023078918457
0.027999401092529297
0.031998634338378906
0.029999971389770508
0.03099846839904785
0.02899956703186035
0.03200125694274902
0.031000852584838867
0.03200221061706543
0.031000614166259766
0.03500080108642578
0.028997182846069336
0.03200030326843262
0.031000852584838867
0.029997825622558594
0.03099846839904785
0.031999826431274414
0.02899909019470215
0.029998779296875
0.030999422073364258
0.033998727798461914
0.03000044822692871
0.029998779296875
0.03000330924987793
0.02999711036682129
0.029997587203979492
0.03300285339355469
0.03200078010559082
0.0319981575012207
0.03201103210449219
0.033007144927978516
0.02999711036682129
0.03399920463562012
0.03200030326843262
0.03197312355041504
0.03199887275695801
0.03099966049194336
0.031013011932373047
0.031000614166259766
0.031000852584838867
0.03299736976623535
0.030999422073364258
0.030991077423095703
0.029999256134033203
0.03300285339355469
0.032996416091918945
0.03300023078918457
0.03100132942199707
0.03300285339355469
0.03199601173400879
0.03300023078918457
0.0299990177154541
0.032001495361328125
0.030997276306152344
0.032001495361328125
0.03099846839904785
0.03399920463562012
0.030999422073364258
0.030999183654785156
0.029996395111083984
0.031999826431274414
0.031000137329101562
0.030999183654785156
0.031998634338378906
0.032999277114868164
0.031000137329101562
0.03299856185913086
0.03200054168701172
0.032004356384277344
0.029998064041137695
0.03299999237060547
0.032000064849853516
0.03199887275695801
0.0319981575012207
0.031000375747680664
0.03099989891052246
0.031013965606689453
0.030999183654785156
0.03200125694274902
0.03200078010559082
0.03298783302307129
0.032001495361328125
0.03299975395202637
0.029999256134033203
0.03099846839904785
0.0319974422454834
0.031998634338378906
0.03400444984436035
0.03300142288208008
0.03299760818481445
0.034998416900634766
0.030999183654785156
0.031998395919799805
0.031000137329101562
0.03300118446350098
0.030998706817626953
0.03099966049194336
0.030997037887573242
0.03099846839904785
0.031001567840576172
0.03099989891052246
0.030998706817626953
0.0299990177154541
0.03099799156188965
0.03200030326843262
0.03200030326843262
0.032004356384277344
0.031000137329101562
0.03300023078918457
0.031998634338378906
0.031996726989746094
0.0299985408782959
0.033002376556396484
0.030996084213256836
0.030997514724731445
0.032999515533447266
0.0319976806640625
0.03199911117553711
0.03299975395202637
0.03102707862854004
0.03301644325256348
0.03395366668701172
0.03199195861816406
0.034002065658569336
0.035001277923583984
0.03399801254272461
0.033997535705566406
0.03300023078918457
0.03200125694274902
0.0319976806640625
0.03199911117553711
0.03300189971923828
0.031996726989746094
0.03099799156188965
0.03200030326843262
0.03000044822692871
0.031000852584838867
0.030996322631835938
0.03199648857116699
0.03199887275695801
0.030997753143310547
0.03300046920776367
0.03299999237060547
0.029996633529663086
0.03300046920776367
0.030999183654785156
0.03398847579956055
0.03198671340942383
0.033998966217041016
0.030997753143310547
0.032999515533447266
0.030999183654785156
0.03300118446350098
0.029996395111083984
0.03203320503234863
0.030999183654785156
0.03200054168701172
0.030029296875
0.03298211097717285
0.031035184860229492
0.03200078010559082
0.030997514724731445
0.03399968147277832
0.03199911117553711
0.03298616409301758
0.03102278709411621
0.03399991989135742
0.03101825714111328
0.0319981575012207
0.03300285339355469
0.03296470642089844
0.0319979190826416
0.031000614166259766
0.03199934959411621
0.03299760818481445
0.0290069580078125
0.030999183654785156
0.03201413154602051
0.031996726989746094
0.032999277114868164
0.033998966217041016
0.03201007843017578
0.032965898513793945
0.03400063514709473
0.0319981575012207
0.03300046920776367
0.032999277114868164
0.03299975395202637
0.03099989891052246
0.03198671340942383
0.034999847412109375
0.0319976806640625
0.032998085021972656
0.036002397537231445
0.03999900817871094
0.030999422073364258
0.030998945236206055
0.030999422073364258
0.02899765968322754
0.0299990177154541
0.029997587203979492
0.031001806259155273
0.029997587203979492
0.032999277114868164
0.030996084213256836
0.03301382064819336
0.032996177673339844
0.0319976806640625
0.0319974422454834
0.03299713134765625
0.03099822998046875
0.031970977783203125
0.0319976806640625
0.03300142288208008
0.03299570083618164
0.032976627349853516
0.03099656105041504
0.03099846839904785
0.03103017807006836
0.03200578689575195
0.03299975395202637
0.03300023078918457
0.031999826431274414
0.033002376556396484
0.03099846839904785
0.032989501953125
0.030999183654785156
0.03300070762634277
0.031998395919799805
0.031978607177734375
0.029998064041137695
0.03198075294494629
0.03299760818481445
0.032021284103393555
0.030995845794677734
0.032006025314331055
0.0319979190826416
0.033037662506103516
0.0339961051940918
0.0340116024017334
0.0320124626159668
0.033994436264038086
0.030998945236206055
0.03099966049194336
0.029999494552612305
0.033002376556396484
0.03299903869628906
0.03199315071105957
0.030997276306152344
0.029996633529663086
0.03199934959411621
0.054001808166503906
0.03699898719787598
0.03699946403503418
0.031999826431274414
0.030997276306152344
0.031999826431274414
0.03199934959411621
0.031998634338378906
0.03198647499084473
0.032034873962402344
0.030998706817626953
0.03200125694274902
0.03199958801269531
0.031970977783203125
0.031977176666259766
0.031000852584838867
0.03203010559082031
0.031998395919799805
0.032000064849853516
0.0319976806640625
0.032006263732910156
0.03200030326843262
0.03200268745422363
0.03201723098754883
0.03197622299194336
0.03299832344055176
0.03000044822692871
0.03399825096130371
0.032999277114868164
0.032997846603393555
0.03099799156188965
0.03299880027770996
0.031999826431274414
0.03099822998046875
0.03000020980834961
0.03200030326843262
0.029999494552612305
0.030999422073364258
0.03200125694274902
0.030997037887573242
0.0319976806640625
0.03199911117553711
0.03099822998046875
0.03199958801269531
0.031998634338378906
0.03200840950012207
0.030989408493041992
0.0319979190826416
0.030987024307250977
0.0330045223236084
0.031003713607788086
0.03299903869628906
0.03200125694274902
0.031984806060791016
0.030974864959716797
0.03299903869628906
0.031000375747680664
0.03297615051269531
0.032000064849853516
0.032999277114868164
0.03101658821105957
0.031990766525268555
0.03200101852416992
0.03297758102416992
0.03299975395202637
0.032000064849853516
0.031000614166259766
0.03099966049194336
0.031028032302856445
0.030998706817626953
0.03299713134765625
0.0319976806640625
0.03199887275695801
0.031996726989746094
0.03199958801269531
0.03199934959411621
0.03300070762634277
0.031999826431274414
0.03199934959411621
0.031999826431274414
0.03299903869628906
0.03200101852416992
0.031993865966796875
0.032999515533447266
0.014998912811279297
