3.342012405395508
0.03598642349243164
0.03999829292297363
0.03800702095031738
0.035990238189697266
0.03396725654602051
0.03399991989135742
0.03199887275695801
0.032011985778808594
0.03500008583068848
0.03203010559082031
0.032993316650390625
0.03100275993347168
0.0329890251159668
0.030000686645507812
0.031998395919799805
0.029997587203979492
0.034000396728515625
0.029999256134033203
0.03099799156188965
0.029000520706176758
0.03099799156188965
0.02899765968322754
0.0319979190826416
0.03101372718811035
0.02999424934387207
0.03099846839904785
0.03199577331542969
0.03000807762145996
0.03200054168701172
0.029997825622558594
0.029998064041137695
0.03199911117553711
0.03199911117553711
0.031998634338378906
0.029997825622558594
0.032000064849853516
0.03198599815368652
0.03000020980834961
0.032001495361328125
0.03298044204711914
0.031024456024169922
0.03197836875915527
0.03297162055969238
0.031000375747680664
0.03299093246459961
0.03098607063293457
0.032990217208862305
0.032999515533447266
0.03200125694274902
0.03201913833618164
0.03296208381652832
0.0319669246673584
0.031999826431274414
0.032999515533447266
0.03298759460449219
0.029976606369018555
0.032985687255859375
0.031987667083740234
0.03197145462036133
0.031033754348754883
0.031999826431274414
0.03299999237060547
0.033013343811035156
0.033011436462402344
0.031983137130737305
0.03002619743347168
0.031954288482666016
0.032000064849853516
0.030998706817626953
0.0320284366607666
0.0319981575012207
0.03297877311706543
0.031009197235107422
0.0319974422454834
0.03298068046569824
0.032987117767333984
0.03302955627441406
0.03096938133239746
0.03397703170776367
0.031999826431274414
0.03096914291381836
0.030968666076660156
0.03397083282470703
0.03102898597717285
0.031965017318725586
0.033991336822509766
0.032041072845458984
0.030989408493041992
0.03200531005859375
0.03097081184387207
0.03299570083618164
0.031999826431274414
0.03201127052307129
0.029998779296875
0.0319979190826416
0.030999422073364258
0.032999515533447266
0.031009912490844727
0.03299760818481445
0.03199052810668945
0.033998727798461914
0.03099966049194336
0.032996177673339844
0.03300023078918457
0.03299975395202637
0.03199958801269531
0.032999277114868164
0.030999422073364258
0.032998085021972656
0.03198575973510742
0.03300023078918457
0.03199315071105957
0.03299880027770996
0.030008316040039062
0.03301286697387695
0.03099989891052246
0.03199958801269531
0.03100109100341797
0.03300118446350098
0.029999971389770508
0.031999826431274414
0.03199958801269531
0.03199958801269531
0.03099799156188965
0.03400111198425293
0.029997587203979492
0.029998302459716797
0.032000064849853516
0.03399920463562012
0.02998661994934082
0.03299832344055176
0.03099989891052246
0.03199005126953125
0.03199934959411621
0.030999422073364258
0.030999183654785156
0.031999826431274414
0.030998706817626953
0.030998706817626953
0.030999422073364258
0.032998085021972656
0.031004905700683594
0.032999277114868164
0.03099989891052246
0.03200078010559082
0.031000614166259766
0.03200101852416992
0.030999422073364258
0.03299880027770996
0.031000375747680664
0.032001495361328125
0.029998302459716797
0.030998706817626953
0.02999711036682129
0.032999515533447266
0.03199934959411621
0.032999277114868164
0.031998395919799805
0.03299975395202637
0.03003668785095215
0.033029794692993164
0.03199887275695801
0.0339503288269043
0.03299999237060547
0.0320131778717041
0.03198599815368652
0.03298449516296387
0.03200054168701172
0.03400421142578125
0.03202557563781738
0.03299856185913086
0.029999256134033203
0.03396797180175781
0.03201007843017578
0.03297686576843262
0.03200101852416992
0.0329899787902832
0.030997276306152344
0.0319974422454834
0.03099989891052246
0.03199028968811035
0.030999183654785156
0.03200054168701172
0.029999732971191406
0.03398489952087402
0.03201007843017578
0.03099799156188965
0.032003164291381836
0.03200030326843262
0.029999494552612305
0.031000614166259766
0.029998302459716797
0.0319976806640625
0.03199887275695801
0.031998395919799805
0.03200078010559082
0.03300881385803223
0.03298687934875488
0.031998634338378906
0.031000375747680664
0.03300046920776367
0.030999422073364258
0.03399944305419922
0.031000852584838867
0.03300595283508301
0.03200030326843262
0.03200078010559082
0.031000375747680664
0.03300023078918457
0.03199028968811035
0.03199434280395508
0.0330052375793457
0.0329899787902832
0.029999256134033203
0.03299975395202637
0.03098320960998535
0.030948877334594727
0.029965877532958984
0.03296852111816406
0.03199911117553711
0.03300023078918457
0.030029773712158203
0.032000064849853516
0.032007455825805664
0.03299713134765625
0.03197598457336426
0.03302335739135742
0.029974937438964844
0.031998395919799805
0.030999183654785156
0.0319981575012207
0.030003786087036133
0.03200054168701172
0.03198385238647461
0.032001495361328125
0.0319979190826416
0.032988786697387695
0.030998706817626953
0.030025243759155273
0.03197765350341797
0.032997846603393555
0.03197813034057617
0.03299856185913086
0.03099966049194336
0.03199911117553711
0.03201436996459961
0.033997297286987305
0.030971288681030273
0.03301358222961426
0.030030488967895508
0.03296971321105957
0.03099989891052246
0.03199934959411621
0.030999183654785156
0.03400063514709473
0.0299985408782959
0.03198575973510742
0.029999732971191406
0.03299832344055176
0.030001163482666016
0.03299856185913086
0.031000137329101562
0.032000064849853516
0.031000852584838867
0.03200268745422363
0.030996322631835938
0.031999826431274414
0.030992746353149414
0.031002283096313477
0.03098893165588379
0.031998634338378906
0.032999277114868164
0.03198647499084473
0.03199934959411621
0.031998395919799805
0.03099846839904785
0.029999971389770508
0.032999277114868164
0.03099799156188965
0.03099989891052246
0.031990766525268555
0.03099822998046875
0.03099966049194336
0.02900075912475586
0.031999826431274414
0.028998136520385742
0.03899860382080078
0.06699800491333008
0.034998416900634766
0.03200030326843262
0.031998634338378906
0.029998779296875
0.03199934959411621
0.027999162673950195
0.03099989891052246
0.029998302459716797
0.0319979190826416
0.029999494552612305
0.0299990177154541
0.029999256134033203
0.03200054168701172
0.03000044822692871
0.03199410438537598
0.030997037887573242
0.030997276306152344
0.03300070762634277
0.030997037887573242
0.031000137329101562
0.03298830986022949
0.03199958801269531
0.031998395919799805
0.030999422073364258
0.0319974422454834
0.03200054168701172
0.031999826431274414
0.0299990177154541
0.03400921821594238
0.0299985408782959
0.0319981575012207
0.03198814392089844
0.03199958801269531
0.031000137329101562
0.03299856185913086
0.031000137329101562
0.030994892120361328
0.0299985408782959
0.030000686645507812
0.030987977981567383
0.03299856185913086
0.02999734878540039
0.02998948097229004
0.03200387954711914
0.03299307823181152
0.03100275993347168
0.03299856185913086
0.031000137329101562
0.03299903869628906
0.030999183654785156
0.03300333023071289
0.030994892120361328
0.031995534896850586
0.02899956703186035
0.032000064849853516
0.031000614166259766
0.03299856185913086
0.029988765716552734
0.03199911117553711
0.029999971389770508
0.032001495361328125
0.03099822998046875
0.033000946044921875
0.03199481964111328
0.03199601173400879
0.030985593795776367
0.03400158882141113
0.03200387954711914
0.032001495361328125
0.032998085021972656
0.030997753143310547
0.030997514724731445
0.031999826431274414
0.032011985778808594
0.03199958801269531
0.030998706817626953
0.03200650215148926
0.03098750114440918
0.030998706817626953
0.029999732971191406
0.032999277114868164
0.029999971389770508
0.03200554847717285
0.030999422073364258
0.03199934959411621
0.03199958801269531
0.03000020980834961
0.03199934959411621
0.030997514724731445
0.030998706817626953
0.03199958801269531
0.03199958801269531
0.032999515533447266
0.03200054168701172
0.031998395919799805
0.031000614166259766
0.03200101852416992
0.0320131778717041
0.030998706817626953
0.031000375747680664
0.03299856185913086
0.031010150909423828
0.03199887275695801
0.03200078010559082
0.03199911117553711
0.031000614166259766
0.0330045223236084
0.030994892120361328
0.03200125694274902
0.031999826431274414
0.03300166130065918
0.029997825622558594
0.031999826431274414
0.03200030326843262
0.03400063514709473
0.033000946044921875
0.03599810600280762
0.03099966049194336
0.031998634338378906
0.03899812698364258
0.034001827239990234
0.0319974422454834
0.03200101852416992
0.030998945236206055
0.036011695861816406
0.03298544883728027
0.03299880027770996
0.03199911117553711
0.03299999237060547
0.029000043869018555
0.03199625015258789
0.03200054168701172
0.031999826431274414
0.031998634338378906
0.03099966049194336
0.031999826431274414
0.031000137329101562
0.029999256134033203
0.03000044822692871
0.03000020980834961
0.029997587203979492
0.029996156692504883
0.03200030326843262
0.03299999237060547
0.031998634338378906
0.03300309181213379
0.032999515533447266
0.03099822998046875
0.03300142288208008
0.029997587203979492
0.03200531005859375
0.029998779296875
0.031999826431274414
0.03300023078918457
0.0319976806640625
0.031000614166259766
0.031001567840576172
0.029997587203979492
0.030997753143310547
0.032999515533447266
0.031999826431274414
0.03300070762634277
0.029998779296875
0.03300952911376953
0.03399848937988281
0.030998945236206055
0.03199934959411621
0.03100442886352539
0.03299880027770996
0.03200078010559082
0.03299975395202637
0.030997753143310547
0.03199934959411621
0.03200030326843262
0.032012939453125
0.030000686645507812
0.03199911117553711
0.03100752830505371
0.03200221061706543
0.030997037887573242
0.029999494552612305
0.029999256134033203
0.029998779296875
0.03299975395202637
0.031006336212158203
0.031000137329101562
0.032999277114868164
0.030999183654785156
0.03199911117553711
0.030999183654785156
0.031998395919799805
0.029999256134033203
0.03400063514709473
0.03099846839904785
0.028001785278320312
0.027998685836791992
0.031998634338378906
0.03099989891052246
0.030999422073364258
0.03000044822692871
0.03200030326843262
0.031001806259155273
0.031999826431274414
0.03000020980834961
0.031996726989746094
0.03199195861816406
0.033000946044921875
0.03099822998046875
0.03099822998046875
0.03199887275695801
0.03300356864929199
0.030997753143310547
0.03297686576843262
0.03099679946899414
0.030997753143310547
0.03199958801269531
0.030997514724731445
0.03199934959411621
0.03199911117553711
0.032024383544921875
0.03198695182800293
0.031999826431274414
0.030999422073364258
0.033000946044921875
0.032999277114868164
0.03000783920288086
0.033998966217041016
0.029999494552612305
0.03299880027770996
0.03196430206298828
0.03298783302307129
0.03299856185913086
0.03399968147277832
0.031007051467895508
0.03199887275695801
0.03099966049194336
0.03199887275695801
0.03199958801269531
0.03199934959411621
0.029999256134033203
0.03200030326843262
0.031000614166259766
0.030998945236206055
0.03099966049194336
0.03398466110229492
0.03200054168701172
0.032999515533447266
0.032000064849853516
0.0319981575012207
0.030998945236206055
0.0329899787902832
0.032012224197387695
0.0319981575012207
0.0299990177154541
0.03300046920776367
0.031000614166259766
0.030989885330200195
0.032000064849853516
0.03300166130065918
0.02999734878540039
0.030997753143310547
0.032999515533447266
0.03300333023071289
0.031999826431274414
0.03200054168701172
0.032999515533447266
0.03298521041870117
0.032001495361328125
0.03199481964111328
0.0169985294342041
0.032033443450927734
0.03199887275695801
0.031999826431274414
0.03200078010559082
0.029998302459716797
0.03198647499084473
0.030998706817626953
0.03300023078918457
0.030997753143310547
0.031000375747680664
0.03099966049194336
0.03301095962524414
0.029998302459716797
0.032998085021972656
0.033000946044921875
0.03399944305419922
0.0320281982421875
0.03197002410888672
0.030965805053710938
0.032004356384277344
0.030972003936767578
0.033002614974975586
0.029977798461914062
0.03299856185913086
0.030998945236206055
0.032965660095214844
0.030999422073364258
0.03200054168701172
0.031011104583740234
0.03199577331542969
0.029962778091430664
0.03296494483947754
0.03298807144165039
0.031998634338378906
0.03099679946899414
0.03299975395202637
0.031001806259155273
0.03198742866516113
0.033998727798461914
0.03200125694274902
0.03099822998046875
0.03099799156188965
0.029999971389770508
0.03099656105041504
0.029999256134033203
0.03100109100341797
0.03099846839904785
0.0319979190826416
0.03200125694274902
0.03099966049194336
0.030997514724731445
0.03200078010559082
0.03199934959411621
0.031998634338378906
0.029998779296875
0.03200030326843262
0.0299985408782959
0.03000020980834961
0.03300166130065918
0.03199195861816406
0.03099966049194336
0.03498387336730957
0.03199315071105957
0.032000064849853516
0.03099966049194336
0.03297543525695801
0.03002786636352539
0.03299212455749512
0.03099799156188965
0.03296947479248047
0.030971527099609375
0.033998966217041016
0.03199887275695801
0.03499913215637207
0.03000044822692871
0.034006357192993164
0.031006574630737305
0.0319981575012207
0.029999494552612305
0.0319979190826416
0.0320124626159668
0.03298521041870117
0.031000375747680664
0.03299975395202637
0.03099966049194336
0.03200078010559082
0.031998634338378906
0.0319981575012207
0.031000375747680664
0.03197741508483887
0.03300905227661133
0.03302431106567383
0.03097224235534668
0.03298592567443848
0.031028270721435547
0.032024383544921875
0.03200960159301758
0.03203225135803223
0.030977725982666016
0.03396749496459961
0.031000375747680664
0.0329890251159668
0.03197979927062988
0.03399848937988281
0.031024932861328125
0.034003496170043945
0.03199887275695801
0.03200674057006836
0.030999183654785156
0.03199934959411621
0.03096747398376465
0.03296661376953125
0.03300046920776367
0.03299975395202637
0.030998706817626953
0.03199934959411621
0.031998395919799805
0.03397250175476074
0.031998395919799805
0.032000064849853516
0.030998945236206055
0.032999277114868164
0.029999494552612305
0.03199911117553711
0.03099966049194336
0.032001495361328125
0.032000064849853516
0.03099989891052246
0.03200078010559082
0.03200054168701172
0.030986785888671875
0.03300118446350098
0.03099966049194336
0.03100872039794922
0.031998395919799805
0.033013343811035156
0.03198552131652832
0.03399944305419922
0.030997276306152344
0.031000375747680664
0.03200078010559082
0.05499982833862305
0.032997846603393555
0.03299880027770996
0.030994653701782227
0.029000043869018555
0.032000064849853516
0.031000852584838867
0.03199887275695801
0.030000686645507812
0.03198647499084473
0.030998706817626953
0.03199958801269531
0.034999847412109375
0.03399920463562012
0.028999805450439453
0.035001277923583984
0.0319976806640625
0.03199934959411621
0.030002355575561523
0.03300070762634277
0.03299856185913086
0.0319979190826416
0.029995203018188477
0.03099799156188965
0.029999732971191406
0.031998395919799805
0.03100132942199707
0.0320127010345459
0.03498983383178711
0.10299944877624512
0.03699851036071777
0.03099989891052246
0.03199958801269531
0.031998395919799805
0.031998634338378906
0.0299990177154541
0.03300023078918457
0.03100109100341797
0.03499722480773926
0.030997276306152344
0.031002521514892578
0.028998374938964844
0.030997276306152344
0.03099989891052246
0.0319972038269043
0.03003859519958496
0.0319976806640625
0.03099226951599121
0.03296923637390137
0.030999422073364258
0.03199934959411621
0.031018733978271484
0.03304481506347656
0.03302454948425293
0.03299999237060547
0.030999422073364258
0.03198528289794922
0.03099846839904785
0.034003496170043945
0.03199481964111328
0.03202462196350098
0.03197336196899414
0.03399777412414551
0.031036376953125
0.031983375549316406
0.03099966049194336
0.032999277114868164
0.03099989891052246
0.03399944305419922
0.03099846839904785
0.03200793266296387
0.031993865966796875
0.03399801254272461
0.03300046920776367
0.03299903869628906
0.030998945236206055
0.03298687934875488
0.03099966049194336
0.03199911117553711
0.03202319145202637
0.03299903869628906
0.030997753143310547
0.032971858978271484
0.031000614166259766
0.0319979190826416
0.031998634338378906
0.03200030326843262
0.03099989891052246
0.03199958801269531
0.034000396728515625
0.032999277114868164
0.029999494552612305
0.03200244903564453
0.031998395919799805
0.03299975395202637
0.029999971389770508
0.03198742866516113
0.03199267387390137
0.03099966049194336
0.031998634338378906
0.03300142288208008
0.030997753143310547
0.031004667282104492
0.0319981575012207
0.03199934959411621
0.031991004943847656
0.03298187255859375
0.03200936317443848
0.029998064041137695
0.031000137329101562
0.032997846603393555
0.031999826431274414
0.03199958801269531
0.030001163482666016
0.030998945236206055
0.03099966049194336
0.03399825096130371
0.0320134162902832
0.03399848937988281
0.03099989891052246
0.030997753143310547
0.031000375747680664
0.031998634338378906
0.031999826431274414
0.03200054168701172
0.03099966049194336
0.03299999237060547
0.031000852584838867
0.033005714416503906
0.030000686645507812
0.030990123748779297
0.033000946044921875
0.03201436996459961
0.030997276306152344
0.03099822998046875
0.031999826431274414
0.030997514724731445
0.033989906311035156
0.03200030326843262
0.031024932861328125
0.03102874755859375
0.03300881385803223
0.030034303665161133
0.030997514724731445
0.03396916389465332
0.0299835205078125
0.03299450874328613
0.030967235565185547
0.03204846382141113
0.03196978569030762
0.0319981575012207
0.032978057861328125
0.03200125694274902
0.032032012939453125
0.032991886138916016
0.03301405906677246
0.03199458122253418
0.031002283096313477
0.03200244903564453
0.03199601173400879
0.03199887275695801
0.029999494552612305
0.03199911117553711
0.03099846839904785
0.03398776054382324
0.03199958801269531
0.03199911117553711
0.029999256134033203
0.03399991989135742
0.03199958801269531
0.03299999237060547
0.03200054168701172
0.03200054168701172
0.031000137329101562
0.03299903869628906
0.029999732971191406
0.03200125694274902
0.031999826431274414
0.03499484062194824
0.03200078010559082
0.032001495361328125
0.031000137329101562
0.03300023078918457
0.03099822998046875
0.02999711036682129
0.031000614166259766
0.03299856185913086
0.028997182846069336
0.03301191329956055
0.03298807144165039
0.03200197219848633
0.030999183654785156
0.03200054168701172
0.03098130226135254
0.0320436954498291
0.029967546463012695
0.03200101852416992
0.030985116958618164
0.03199124336242676
0.03199481964111328
0.03300189971923828
0.033008575439453125
0.03196978569030762
0.03199887275695801
0.0309751033782959
0.030999422073364258
0.030990123748779297
0.03200030326843262
0.029997825622558594
0.030997753143310547
0.03299832344055176
0.031013965606689453
0.0319981575012207
0.030999422073364258
0.03399968147277832
0.032000064849853516
0.03199934959411621
0.029999732971191406
0.03200054168701172
0.030999183654785156
0.03301119804382324
0.029992341995239258
0.03299999237060547
0.03199911117553711
0.031999826431274414
0.030998706817626953
0.03299689292907715
0.03099799156188965
0.031012535095214844
0.03300213813781738
0.03300070762634277
0.03200507164001465
0.03200101852416992
0.034996747970581055
0.030998706817626953
0.030004024505615234
0.03200244903564453
0.030999183654785156
0.03199911117553711
0.030998945236206055
0.03200197219848633
0.03199887275695801
0.03199934959411621
0.031999826431274414
0.0319972038269043
0.03199887275695801
0.03199934959411621
0.031999826431274414
0.030998945236206055
0.03199958801269531
0.031998395919799805
0.031006813049316406
0.03099679946899414
0.029998302459716797
0.03299975395202637
0.03099822998046875
0.03299903869628906
0.031014442443847656
0.03300166130065918
0.031998395919799805
0.03300023078918457
0.031000375747680664
0.032000064849853516
0.030998945236206055
0.03200125694274902
0.030999183654785156
0.032000064849853516
0.031000614166259766
0.03200054168701172
0.030999422073364258
0.03199934959411621
0.030996084213256836
0.03199481964111328
0.030995845794677734
0.030997753143310547
0.032000064849853516
0.06299948692321777
0.04799938201904297
0.033998727798461914
0.039998531341552734
0.0319974422454834
0.03000020980834961
0.0320281982421875
0.030972003936767578
0.03099966049194336
0.030009746551513672
0.03197455406188965
0.03400135040283203
0.03299975395202637
0.032000064849853516
0.03300023078918457
0.030999422073364258
0.03399944305419922
0.03199934959411621
0.031000375747680664
0.0299990177154541
0.03099846839904785
0.030999183654785156
0.05499982833862305
0.030001401901245117
0.03999829292297363
0.02899932861328125
0.03099966049194336
0.031998395919799805
0.030001401901245117
0.030998706817626953
0.029998302459716797
0.03199934959411621
0.029999971389770508
0.030999183654785156
0.031000614166259766
0.031998634338378906
0.030999183654785156
0.03399968147277832
0.02999711036682129
0.032999515533447266
0.03099822998046875
0.03399205207824707
0.03199934959411621
0.031998395919799805
0.030998706817626953
0.03099799156188965
0.03000473976135254
0.030998945236206055
0.031998634338378906
0.030999183654785156
0.030011415481567383
0.03199887275695801
0.03099846839904785
0.032999277114868164
0.030999183654785156
0.03300976753234863
0.03100299835205078
0.03300046920776367
0.03199934959411621
0.032000064849853516
0.030999183654785156
0.03199887275695801
0.03300142288208008
0.032978057861328125
0.03001260757446289
0.03296971321105957
0.03102707862854004
0.033000946044921875
0.03103351593017578
0.033037424087524414
0.030981063842773438
0.032964468002319336
0.03200101852416992
0.03199577331542969
0.031028032302856445
0.030000925064086914
0.03000020980834961
0.03197503089904785
0.029996395111083984
0.03099679946899414
0.03399991989135742
0.03299403190612793
0.03196454048156738
0.03299117088317871
0.03300929069519043
0.03200030326843262
0.03099799156188965
0.031004667282104492
0.030996084213256836
0.029996156692504883
0.0320131778717041
0.03299975395202637
0.03200078010559082
0.03299975395202637
0.03099989891052246
0.03399825096130371
0.030999422073364258
0.031998395919799805
0.031009197235107422
0.030999422073364258
0.03099846839904785
0.03399991989135742
0.03099966049194336
0.034000396728515625
0.031000852584838867
0.033998727798461914
0.03099966049194336
0.031998634338378906
0.030997753143310547
0.03399968147277832
0.03200030326843262
0.03200101852416992
0.030986785888671875
0.031998395919799805
0.031009674072265625
0.032999277114868164
0.03199934959411621
0.033998966217041016
0.03099822998046875
0.030987977981567383
0.03199911117553711
0.03399991989135742
0.029998779296875
0.030998706817626953
0.03199934959411621
0.03199911117553711
0.03203248977661133
0.032000064849853516
0.0330047607421875
0.03102850914001465
0.03198432922363281
0.03296685218811035
0.03097057342529297
0.03296709060668945
0.030976295471191406
0.03296041488647461
0.03096771240234375
0.031966209411621094
0.031000137329101562
0.03199934959411621
0.03000020980834961
0.01700115203857422
0.046998023986816406
0.04300069808959961
0.029998779296875
0.038001298904418945
0.031000614166259766
0.0319979190826416
0.030997514724731445
0.030999422073364258
0.03200054168701172
0.032999277114868164
0.031000375747680664
0.031998395919799805
0.03099966049194336
0.03299975395202637
0.029993057250976562
0.032988786697387695
0.03099822998046875
0.03299832344055176
0.031000137329101562
0.03399944305419922
0.03199887275695801
0.031996965408325195
0.03099822998046875
0.031999826431274414
0.03201103210449219
0.03300023078918457
0.03099822998046875
0.03299880027770996
0.030997753143310547
0.0319981575012207
0.030000686645507812
0.03300046920776367
0.031000614166259766
0.03200340270996094
0.028975963592529297
0.030997276306152344
0.03199911117553711
0.02999138832092285
0.032000064849853516
0.03200531005859375
0.029999494552612305
0.032013654708862305
0.032000064849853516
0.03100275993347168
0.03099536895751953
0.03300046920776367
0.030998945236206055
0.03098917007446289
0.031000614166259766
0.03200030326843262
0.03200030326843262
0.033034324645996094
0.030964374542236328
0.030992507934570312
0.030997753143310547
0.02999734878540039
0.030998945236206055
0.03300070762634277
0.03200054168701172
0.032991886138916016
0.03300046920776367
0.03299856185913086
0.03099989891052246
0.032999515533447266
0.032000064849853516
0.031998634338378906
0.03199958801269531
0.03199911117553711
0.030995607376098633
0.032999277114868164
0.033000946044921875
0.03199958801269531
0.031999826431274414
0.03301239013671875
0.03298687934875488
0.03299880027770996
0.03099989891052246
0.03199911117553711
0.030999183654785156
0.03199124336242676
0.03099989891052246
0.03200578689575195
0.03199362754821777
0.03198957443237305
0.03099966049194336
0.032999277114868164
0.03199934959411621
0.03300070762634277
0.031009435653686523
0.03299069404602051
0.030000925064086914
0.03100109100341797
0.031996965408325195
0.034001827239990234
0.029998064041137695
0.03200364112854004
0.03099679946899414
0.03200054168701172
0.031999826431274414
0.03299880027770996
0.032013654708862305
0.03299736976623535
0.031998634338378906
0.0319976806640625
0.03101038932800293
0.03099846839904785
0.03200268745422363
0.03298377990722656
0.030005931854248047
0.03400111198425293
0.031996726989746094
0.03399777412414551
0.031000614166259766
0.03300023078918457
0.030999183654785156
0.032000064849853516
0.030999422073364258
0.03300762176513672
0.030992746353149414
0.03199911117553711
0.03099989891052246
0.03300046920776367
0.0319981575012207
0.03400111198425293
0.030998945236206055
0.03299760818481445
0.029998779296875
0.031998634338378906
0.030000686645507812
0.03299236297607422
0.030993938446044922
0.03200101852416992
0.03099846839904785
0.029999256134033203
0.03099656105041504
0.0319981575012207
0.030997753143310547
0.030995845794677734
0.03099966049194336
0.03399944305419922
0.031002521514892578
0.03296542167663574
0.029986143112182617
0.033011436462402344
0.03198814392089844
0.03399848937988281
0.03200030326843262
0.030998706817626953
0.030974864959716797
0.03100109100341797
0.029999971389770508
0.041998863220214844
0.02899956703186035
0.03299689292907715
0.028998136520385742
0.03099822998046875
0.03099989891052246
0.031998395919799805
0.03099966049194336
0.03299856185913086
0.03200125694274902
0.03199934959411621
0.029999256134033203
0.03199934959411621
0.030005455017089844
0.030999422073364258
0.029999494552612305
0.029998779296875
0.029007673263549805
0.03299999237060547
0.029997825622558594
0.0319981575012207
0.03099966049194336
0.03299903869628906
0.030998945236206055
0.03200101852416992
0.0319976806640625
0.03099846839904785
0.029997587203979492
0.03200078010559082
0.03099822998046875
0.03099966049194336
0.03099989891052246
0.03100132942199707
0.03200030326843262
0.031998634338378906
0.03299903869628906
0.029996871948242188
0.03099822998046875
0.028998613357543945
0.030998706817626953
0.031999826431274414
0.03200054168701172
0.03299903869628906
0.031998395919799805
0.03200078010559082
0.031005144119262695
0.03200054168701172
0.030998945236206055
0.03200078010559082
0.031999826431274414
0.03199911117553711
0.030999422073364258
0.030999422073364258
0.029999971389770508
0.031000614166259766
0.02999734878540039
0.030997276306152344
0.029999256134033203
0.031999826431274414
0.030030250549316406
0.030000925064086914
0.029999256134033203
0.029998779296875
0.02996993064880371
0.03198575973510742
0.031042814254760742
0.030987262725830078
0.03299880027770996
0.03299999237060547
0.03201556205749512
0.032978057861328125
0.02999711036682129
0.03301286697387695
0.03098464012145996
0.03199028968811035
0.031000137329101562
0.03199887275695801
0.029975414276123047
0.03296709060668945
0.03199934959411621
0.032000064849853516
0.03197050094604492
0.03495025634765625
0.03096795082092285
0.032998085021972656
0.03198957443237305
0.03203463554382324
0.03199291229248047
0.03300929069519043
0.031998634338378906
0.03198981285095215
0.03199887275695801
0.031999826431274414
0.0299990177154541
0.030013084411621094
0.030998706817626953
0.03300046920776367
0.029989242553710938
0.030998945236206055
0.03199887275695801
0.030997753143310547
0.03299880027770996
0.03199887275695801
0.03200030326843262
0.03099203109741211
0.03200054168701172
0.03199887275695801
0.03199887275695801
0.034011125564575195
0.031009674072265625
0.03199958801269531
0.031002283096313477
0.03195905685424805
0.031000137329101562
0.03199958801269531
0.02999591827392578
0.032999515533447266
0.031000137329101562
0.0320134162902832
0.03198742866516113
0.029974699020385742
0.03099679946899414
0.0319981575012207
0.032999277114868164
0.031014204025268555
0.031035184860229492
0.03300023078918457
0.030976533889770508
0.031006574630737305
0.029964685440063477
0.032970428466796875
0.02998971939086914
0.03197646141052246
0.0320284366607666
0.032967567443847656
0.030001163482666016
0.03299856185913086
0.02899932861328125
0.03200030326843262
0.03099966049194336
0.031998634338378906
0.03102397918701172
0.03296971321105957
0.03201127052307129
0.031000375747680664
0.031984806060791016
0.03299689292907715
0.03199505805969238
0.030999183654785156
0.031998395919799805
0.02999734878540039
0.03199958801269531
0.032000064849853516
0.030999183654785156
0.03099846839904785
0.031002044677734375
0.032999515533447266
0.03200173377990723
0.03199458122253418
0.03096294403076172
0.03297615051269531
0.032033681869506836
0.0329744815826416
0.030972003936767578
0.03300666809082031
0.029994487762451172
0.0320134162902832
0.03198599815368652
0.03300166130065918
0.030982494354248047
0.03302001953125
0.029986143112182617
0.032989501953125
0.029965877532958984
0.031975507736206055
0.031000375747680664
0.03197526931762695
0.032999277114868164
0.03200030326843262
0.03199338912963867
0.030999183654785156
0.03297924995422363
0.03199028968811035
0.032999515533447266
0.03300023078918457
0.03099656105041504
0.030989646911621094
0.032999515533447266
0.032015085220336914
0.032974958419799805
0.031031131744384766
0.03200697898864746
0.030998945236206055
0.03202319145202637
0.03299856185913086
0.03003239631652832
0.031965017318725586
0.030000686645507812
0.03299999237060547
0.0319979190826416
0.03198719024658203
0.031998634338378906
0.030022382736206055
0.030975818634033203
0.0319972038269043
0.031000375747680664
0.031000614166259766
0.029999494552612305
0.031000137329101562
0.029996156692504883
0.03300070762634277
0.029999256134033203
0.03401374816894531
0.030985116958618164
0.03200125694274902
0.03200054168701172
0.030997276306152344
0.03099846839904785
0.03099966049194336
0.030998706817626953
0.03199958801269531
0.031998395919799805
0.03200101852416992
0.032004594802856445
0.034000396728515625
0.03299832344055176
0.03300023078918457
0.031998395919799805
0.030972957611083984
0.031027555465698242
0.032979488372802734
0.030966997146606445
0.03198838233947754
0.03099822998046875
0.03298068046569824
0.030985593795776367
0.03299236297607422
0.031015872955322266
0.03297829627990723
0.029999256134033203
0.03200054168701172
0.031022071838378906
0.033998966217041016
0.03001236915588379
0.03197431564331055
0.030994415283203125
0.03200197219848633
0.031035900115966797
0.03196883201599121
0.030972957611083984
0.03302574157714844
0.03100872039794922
0.0329737663269043
0.03300046920776367
0.03399920463562012
0.03103351593017578
0.033998966217041016
0.03099989891052246
0.032962799072265625
0.03099822998046875
0.03299903869628906
0.03199887275695801
0.0319981575012207
0.031000137329101562
0.032976627349853516
0.031029462814331055
0.033977508544921875
0.03199934959411621
0.030002832412719727
0.029978036880493164
0.03195047378540039
0.03199934959411621
0.033000946044921875
0.03199481964111328
0.033994197845458984
0.030997037887573242
0.03204202651977539
0.032028913497924805
0.059999942779541016
0.031000137329101562
0.03300046920776367
0.03199934959411621
0.0299990177154541
0.032000064849853516
0.030999422073364258
0.031000614166259766
0.030999183654785156
0.032013893127441406
0.030984878540039062
0.030998945236206055
0.03300023078918457
0.03099966049194336
0.03199911117553711
0.030998945236206055
0.031999826431274414
0.03301072120666504
0.03196907043457031
0.03300046920776367
0.02997565269470215
0.0319974422454834
0.031976938247680664
0.031030654907226562
0.03102898597717285
0.03299880027770996
0.03300070762634277
0.0319976806640625
0.030973196029663086
0.03296709060668945
0.030994176864624023
0.03202986717224121
0.03097820281982422
0.03300070762634277
0.0300295352935791
0.03300142288208008
0.030995845794677734
0.03299975395202637
0.030968666076660156
0.032978057861328125
0.031970977783203125
0.03299403190612793
0.031999826431274414
0.033991098403930664
0.03203320503234863
0.03300929069519043
0.030977487564086914
0.031011104583740234
0.03396463394165039
0.03300023078918457
0.031000137329101562
0.029990434646606445
0.03199934959411621
0.03400111198425293
0.032967567443847656
0.031006336212158203
0.029997587203979492
0.03099966049194336
0.031999826431274414
0.03199577331542969
0.033014774322509766
0.0329897403717041
0.0319974422454834
0.031960487365722656
0.030997514724731445
0.03299999237060547
0.031037092208862305
0.031001567840576172
0.031003475189208984
0.03297710418701172
0.032002925872802734
0.030978918075561523
0.030998945236206055
0.03200483322143555
0.03097248077392578
0.03300070762634277
0.0319981575012207
0.03203296661376953
0.03099989891052246
0.0319974422454834
0.03299856185913086
0.03299856185913086
0.03200244903564453
0.03302574157714844
0.031002044677734375
0.031989336013793945
0.03197121620178223
0.03297567367553711
0.03197503089904785
0.03299760818481445
0.031025171279907227
0.03397035598754883
0.03104090690612793
0.03396916389465332
0.0319974422454834
0.034000396728515625
0.030029773712158203
0.03401517868041992
0.03000164031982422
0.03299880027770996
0.03099989891052246
0.03301215171813965
0.031999826431274414
0.031999826431274414
0.03199648857116699
0.032000064849853516
0.029999256134033203
0.03299832344055176
0.02998971939086914
0.03200054168701172
0.030998945236206055
0.03300333023071289
0.03099226951599121
0.03299427032470703
0.03197503089904785
0.03199958801269531
0.0299985408782959
0.031027555465698242
0.032967329025268555
0.03200101852416992
0.031996965408325195
0.03200221061706543
0.031965017318725586
0.03299903869628906
0.03300213813781738
0.03202652931213379
0.03102731704711914
0.0329742431640625
0.030976295471191406
0.015999555587768555
0.033998727798461914
0.03400540351867676
0.02998948097229004
0.031009435653686523
0.03099846839904785
0.03099966049194336
0.03200125694274902
0.03400135040283203
0.030969619750976562
0.03199887275695801
0.031035900115966797
0.031035900115966797
0.0300295352935791
0.03296685218811035
0.03097987174987793
0.0309906005859375
0.030998706817626953
0.032038211822509766
0.03203439712524414
0.03300070762634277
0.03200674057006836
0.03197646141052246
0.032001495361328125
0.03301858901977539
0.03301191329956055
0.033002614974975586
0.030998706817626953
0.03300023078918457
0.031999826431274414
0.03300142288208008
0.03195047378540039
0.0329592227935791
0.031003952026367188
0.030992984771728516
0.032011985778808594
0.03301501274108887
0.03201127052307129
0.03300070762634277
0.031990766525268555
0.031000375747680664
0.03199958801269531
0.03299832344055176
0.0319979190826416
0.0320284366607666
0.029979467391967773
0.03299832344055176
0.03003525733947754
0.03201603889465332
0.0319974422454834
0.031000375747680664
0.030997037887573242
0.0319972038269043
0.03201699256896973
0.031989336013793945
0.030975341796875
0.0329744815826416
0.03197002410888672
0.03203773498535156
0.03102898597717285
0.03397083282470703
0.030028820037841797
0.032967567443847656
0.0319976806640625
0.031000614166259766
0.028998851776123047
0.030982494354248047
0.03199625015258789
0.0320131778717041
0.031999826431274414
0.031998395919799805
0.03300023078918457
0.03103327751159668
0.029998064041137695
0.03199887275695801
0.031998634338378906
0.03200101852416992
0.03399801254272461
0.03198504447937012
0.029998064041137695
0.032000064849853516
0.030998945236206055
0.03099822998046875
0.029999494552612305
0.03099822998046875
0.03099966049194336
0.03299999237060547
0.030999422073364258
0.031000137329101562
0.030999422073364258
0.03300619125366211
0.031020641326904297
0.03099822998046875
0.03299903869628906
0.031031131744384766
0.03299880027770996
0.032018423080444336
0.03201007843017578
0.031000137329101562
0.03299975395202637
0.0319674015045166
0.031998634338378906
0.03301501274108887
0.031984806060791016
0.03298830986022949
0.030025482177734375
0.034012794494628906
0.030988216400146484
0.03099989891052246
0.030983448028564453
0.03300213813781738
0.031024932861328125
0.03200101852416992
0.029998302459716797
0.033007144927978516
0.029976606369018555
0.032999277114868164
0.03204512596130371
0.03297567367553711
0.031024694442749023
0.03197121620178223
0.032042741775512695
0.032998085021972656
0.029013395309448242
0.03099989891052246
0.03200078010559082
0.0339810848236084
0.031031370162963867
0.03200864791870117
0.03199934959411621
0.03399991989135742
0.03200173377990723
0.03399920463562012
0.029997825622558594
0.032030344009399414
0.0329899787902832
0.03303027153015137
0.03003215789794922
0.03299760818481445
0.029999256134033203
0.03203630447387695
0.030034303665161133
0.030995607376098633
0.03199601173400879
0.032999277114868164
0.03099822998046875
0.03299069404602051
0.030005455017089844
0.032004356384277344
0.029999971389770508
0.0330049991607666
0.03200030326843262
0.032000064849853516
0.029970169067382812
0.03199958801269531
0.03100299835205078
0.030997753143310547
0.031026363372802734
0.03200054168701172
0.03002762794494629
0.0320124626159668
0.033000946044921875
0.03297138214111328
0.030998706817626953
0.032007455825805664
0.030994892120361328
0.032998085021972656
0.033000946044921875
0.033008575439453125
0.0310056209564209
0.03300046920776367
0.029999494552612305
0.034000396728515625
0.03199911117553711
0.030997276306152344
0.029999732971191406
0.0420076847076416
0.029999256134033203
0.0299990177154541
0.028998613357543945
0.029998064041137695
0.03200101852416992
0.032999515533447266
0.031012296676635742
0.03199911117553711
0.032000064849853516
0.03199911117553711
0.03199911117553711
0.03199315071105957
0.03099966049194336
0.0319972038269043
0.03100109100341797
0.031006813049316406
0.030999183654785156
0.03199934959411621
0.031029462814331055
0.033002376556396484
0.03100728988647461
0.03295254707336426
0.03099656105041504
0.03300166130065918
0.03200030326843262
0.033977508544921875
0.031002044677734375
0.030997276306152344
0.03399848937988281
0.03200125694274902
0.030983686447143555
0.03099846839904785
0.03200078010559082
0.03299689292907715
0.030986785888671875
0.03300070762634277
0.031000614166259766
0.03299903869628906
0.029998064041137695
0.033997535705566406
0.031000375747680664
0.033002614974975586
0.030997753143310547
0.03196907043457031
0.029006481170654297
0.031998395919799805
0.030999422073364258
0.032996177673339844
0.030993938446044922
0.031000614166259766
0.03000020980834961
0.03099989891052246
0.031000614166259766
0.03299880027770996
0.030001163482666016
0.031999826431274414
0.031014204025268555
0.032999277114868164
0.0299990177154541
0.031029939651489258
0.03197669982910156
0.03401374816894531
0.032000064849853516
0.03299856185913086
0.03101325035095215
0.03300213813781738
0.031010866165161133
0.03400063514709473
0.03101205825805664
0.03199934959411621
0.031000375747680664
0.03200101852416992
0.03198432922363281
0.03199887275695801
0.03199911117553711
0.03300046920776367
0.03199911117553711
0.03300046920776367
0.0319981575012207
0.031009674072265625
0.0319979190826416
0.03200101852416992
0.0319972038269043
0.03199887275695801
0.03199887275695801
0.03100132942199707
0.031996965408325195
0.032000064849853516
0.0319981575012207
0.03099846839904785
0.03199934959411621
0.029999494552612305
0.032000064849853516
0.03300023078918457
0.029984474182128906
0.03099966049194336
0.029998779296875
0.03200078010559082
0.030998945236206055
0.03299856185913086
0.031000614166259766
0.03299999237060547
0.03100275993347168
0.03399538993835449
0.0330045223236084
0.03196883201599121
0.030970096588134766
0.03399825096130371
0.03200173377990723
0.032999277114868164
0.03200984001159668
0.03301715850830078
0.030002832412719727
0.03200244903564453
0.03197526931762695
0.033028364181518555
0.030969619750976562
0.03298354148864746
0.031000137329101562
0.03299999237060547
0.031000375747680664
0.029999256134033203
0.0319976806640625
0.031000852584838867
0.03200244903564453
0.03200268745422363
0.03098773956298828
0.0319976806640625
0.03299736976623535
0.030985355377197266
0.031999826431274414
0.03299856185913086
0.0319976806640625
0.03299880027770996
0.03099989891052246
0.03200078010559082
0.031996965408325195
0.031987667083740234
0.030997753143310547
0.0319974422454834
0.032010555267333984
0.03200030326843262
0.033997535705566406
0.03201031684875488
0.030986785888671875
0.031007766723632812
0.0319974422454834
0.032012224197387695
0.03099799156188965
0.03199911117553711
0.03099679946899414
0.030997514724731445
0.033014774322509766
0.03099822998046875
0.031998634338378906
0.03299903869628906
0.02899789810180664
0.03199887275695801
0.029999732971191406
0.032999277114868164
0.03099966049194336
0.032999277114868164
0.030999422073364258
0.031010150909423828
0.03000187873840332
0.03200125694274902
0.030998945236206055
0.03099799156188965
0.031000375747680664
0.03398871421813965
0.032999277114868164
0.031983375549316406
0.031999826431274414
0.033998966217041016
0.030997514724731445
0.033005475997924805
0.030994176864624023
0.03198385238647461
0.031999826431274414
0.03300189971923828
0.030999183654785156
0.03199887275695801
0.031013965606689453
0.03199958801269531
0.03099799156188965
0.032999277114868164
0.03200054168701172
0.031999826431274414
0.030998945236206055
0.032004356384277344
0.028987407684326172
0.034000396728515625
0.03000020980834961
0.03199195861816406
0.031987667083740234
0.032975196838378906
0.03201031684875488
0.03300666809082031
0.03099203109741211
0.031002044677734375
0.031996726989746094
0.03098607063293457
0.034001827239990234
0.032975196838378906
0.0319979190826416
0.03303074836730957
0.029999732971191406
0.03199410438537598
0.03200125694274902
0.03299736976623535
0.03298664093017578
0.03300118446350098
0.03102898597717285
0.0329892635345459
0.030999183654785156
0.032950639724731445
0.03202533721923828
0.03202319145202637
0.02997732162475586
0.03103184700012207
0.02996516227722168
0.03299903869628906
0.03099513053894043
0.03297162055969238
0.03203535079956055
0.03198528289794922
0.0299985408782959
0.031996726989746094
0.031999826431274414
0.032991647720336914
0.03200125694274902
0.03099656105041504
0.03099846839904785
0.03099656105041504
0.030026912689208984
0.031009912490844727
0.03198647499084473
0.03301596641540527
0.030013322830200195
0.03297615051269531
0.031999826431274414
0.0319981575012207
0.029999494552612305
0.032999515533447266
0.03001236915588379
0.032998085021972656
0.029999494552612305
0.031000375747680664
0.03200030326843262
0.03200817108154297
0.029992341995239258
0.03099966049194336
0.0319979190826416
0.03200030326843262
0.03199958801269531
0.030997276306152344
0.03000020980834961
0.030999422073364258
0.030998945236206055
0.030993938446044922
0.030999183654785156
0.030994415283203125
0.029000043869018555
0.030997753143310547
0.031000375747680664
0.030998706817626953
0.031000614166259766
0.03099799156188965
0.03099989891052246
0.03200101852416992
0.03099989891052246
0.0299990177154541
0.031000137329101562
0.03100132942199707
0.031028032302856445
0.030997753143310547
0.03202342987060547
0.030033349990844727
0.030997037887573242
0.03399801254272461
0.03102397918701172
0.03197050094604492
0.032000064849853516
0.0319972038269043
0.031002283096313477
0.0319979190826416
0.031001806259155273
0.033030033111572266
0.03099846839904785
0.03198504447937012
0.03198838233947754
0.032975196838378906
0.0309751033782959
0.033000946044921875
0.0319972038269043
0.033969879150390625
0.029999971389770508
0.03199958801269531
0.031998634338378906
0.03299903869628906
0.029998302459716797
0.030999422073364258
0.03400278091430664
0.03300070762634277
0.032000064849853516
0.03300023078918457
0.03098583221435547
0.030978918075561523
0.03197121620178223
0.03300213813781738
0.03399944305419922
0.032021284103393555
0.030999422073364258
0.031999826431274414
0.03001117706298828
0.030997753143310547
0.02999734878540039
0.030997276306152344
0.03099989891052246
0.03299999237060547
0.03099989891052246
0.0319976806640625
0.03099799156188965
0.03301358222961426
0.03199911117553711
0.03099966049194336
0.03000020980834961
0.03199934959411621
0.031999826431274414
0.03299880027770996
0.032000064849853516
0.03200078010559082
0.030979394912719727
0.03395652770996094
0.03205680847167969
0.033029794692993164
0.030997753143310547
0.032000064849853516
0.03099966049194336
0.03200054168701172
0.03197908401489258
0.03199958801269531
0.03099989891052246
0.030999183654785156
0.03103017807006836
0.033011436462402344
0.03099822998046875
0.03397107124328613
0.03198838233947754
0.034002065658569336
0.0319972038269043
0.03200054168701172
0.0299985408782959
0.0319979190826416
0.031000375747680664
0.03200674057006836
0.032004594802856445
0.031998395919799805
0.03097057342529297
0.03302454948425293
0.030978679656982422
0.03296852111816406
0.03099822998046875
0.032000064849853516
0.03202390670776367
0.031992435455322266
0.031030654907226562
0.033037662506103516
0.03000497817993164
0.03299736976623535
0.030011415481567383
0.032033681869506836
0.031976938247680664
0.031965017318725586
0.03197836875915527
0.03299903869628906
0.029964923858642578
0.03200030326843262
0.031023740768432617
0.031998634338378906
0.030999422073364258
0.030997753143310547
0.015974760055541992
