5.7549989223480225
0.03299760818481445
0.033998727798461914
0.03499746322631836
0.03300046920776367
0.03299903869628906
0.03200101852416992
0.03200173377990723
0.03099846839904785
0.032999515533447266
0.029997587203979492
0.03399991989135742
0.03100109100341797
0.032999515533447266
0.031999826431274414
0.031001806259155273
0.032000064849853516
0.030998706817626953
0.032001495361328125
0.03200078010559082
0.03299903869628906
0.03199934959411621
0.03199958801269531
0.029999256134033203
0.032999277114868164
0.03300023078918457
0.03299713134765625
0.031998634338378906
0.031998395919799805
0.030998706817626953
0.03199887275695801
0.03100275993347168
0.0299985408782959
0.03199410438537598
0.031000375747680664
0.0319972038269043
0.031000375747680664
0.03299880027770996
0.0319981575012207
0.030999422073364258
0.03199911117553711
0.03299880027770996
0.029999732971191406
0.0299990177154541
0.028998613357543945
0.030999183654785156
0.031998634338378906
0.03100109100341797
0.029001235961914062
0.030998945236206055
0.03099989891052246
0.03199958801269531
0.029999732971191406
0.030998706817626953
0.02900075912475586
0.032999277114868164
0.0299990177154541
0.03099679946899414
0.03000044822692871
0.03199911117553711
0.029000043869018555
0.03300023078918457
0.030998706817626953
0.03099846839904785
0.031999826431274414
0.032999277114868164
0.032998085021972656
0.041999101638793945
0.04400038719177246
0.04399752616882324
0.030997514724731445
0.032001495361328125
0.031001567840576172
0.029985666275024414
0.031998634338378906
0.031000375747680664
0.03299975395202637
0.030998706817626953
0.03600025177001953
0.03299856185913086
0.03200054168701172
0.03299903869628906
0.03199958801269531
0.03000044822692871
0.03099966049194336
0.03199934959411621
0.030999422073364258
0.029998302459716797
0.03199958801269531
0.029999971389770508
0.0319981575012207
0.0299990177154541
0.03200030326843262
0.028998613357543945
0.030998706817626953
0.030998945236206055
0.03300166130065918
0.02999711036682129
0.030997753143310547
0.032000064849853516
0.03199887275695801
0.03299975395202637
0.03300070762634277
0.032999515533447266
0.03200125694274902
0.02999734878540039
0.03099846839904785
0.03200078010559082
0.03199934959411621
0.03200054168701172
0.03299832344055176
0.031000137329101562
0.0299990177154541
0.029999971389770508
0.032000064849853516
0.0299990177154541
0.032999515533447266
0.032000064849853516
0.0320127010345459
0.03099799156188965
0.034000396728515625
0.031000137329101562
0.032999515533447266
0.03099989891052246
0.03399920463562012
0.029999494552612305
0.03199958801269531
0.029999494552612305
0.032996416091918945
0.029997587203979492
0.03199887275695801
0.030999183654785156
0.03299975395202637
0.029998302459716797
0.03200030326843262
0.03299856185913086
0.031000137329101562
0.03200173377990723
0.03300905227661133
0.030988693237304688
0.03099799156188965
0.03300046920776367
0.03200078010559082
0.04100155830383301
0.0319974422454834
0.033997535705566406
0.031998634338378906
0.032000064849853516
0.03299880027770996
0.02999734878540039
0.031000614166259766
0.03199887275695801
0.031000137329101562
0.030998945236206055
0.03699827194213867
0.030997753143310547
0.031999826431274414
0.031996965408325195
0.03099846839904785
0.03200221061706543
0.03499913215637207
0.029996633529663086
0.0299985408782959
0.030998945236206055
0.03200125694274902
0.029997825622558594
0.030998706817626953
0.027998685836791992
0.029001474380493164
0.03000187873840332
0.029997825622558594
0.029999732971191406
0.03199911117553711
0.030998706817626953
0.03199887275695801
0.029999494552612305
0.05099987983703613
0.03199958801269531
0.03099966049194336
0.031000614166259766
0.02899789810180664
0.03099822998046875
0.030000925064086914
0.030999183654785156
0.029001235961914062
0.03099966049194336
0.030998945236206055
0.03300070762634277
0.029998779296875
0.030001163482666016
0.03099656105041504
0.03099846839904785
0.031000137329101562
0.0319981575012207
0.029997587203979492
0.03199911117553711
0.029999494552612305
0.03199887275695801
0.031996726989746094
0.031983375549316406
0.029999494552612305
0.030998945236206055
0.029999494552612305
0.032999277114868164
0.031999826431274414
0.03300046920776367
0.029999494552612305
0.031999826431274414
0.02899909019470215
0.03399968147277832
0.029996633529663086
0.03099799156188965
0.031000137329101562
0.03300118446350098
0.030999422073364258
0.03299975395202637
0.03000044822692871
0.03299975395202637
0.03199887275695801
0.031999826431274414
0.03199934959411621
0.0319972038269043
0.029996395111083984
0.03299999237060547
0.03300642967224121
0.03299856185913086
0.0299990177154541
0.032002925872802734
0.03299832344055176
0.034001827239990234
0.03399848937988281
0.03199911117553711
0.029997825622558594
0.030997753143310547
0.031008005142211914
0.032001495361328125
0.031002283096313477
0.031998634338378906
0.029000282287597656
0.031999826431274414
0.032999277114868164
0.03200173377990723
0.031998395919799805
0.03200173377990723
0.030999422073364258
0.03299999237060547
0.0330049991607666
0.032998085021972656
0.02901482582092285
0.03099846839904785
0.032999515533447266
0.03099989891052246
0.031006336212158203
0.033013105392456055
0.031986236572265625
0.034995079040527344
0.032994985580444336
0.03399777412414551
0.03099989891052246
0.032000064849853516
0.029999256134033203
0.031002044677734375
0.032999515533447266
0.0319976806640625
0.034999847412109375
0.030998945236206055
0.029998302459716797
0.030999183654785156
0.03000044822692871
0.03299903869628906
0.03000044822692871
0.030998706817626953
0.03300070762634277
0.032000064849853516
0.03199625015258789
0.033998727798461914
0.032999515533447266
0.030998706817626953
0.032000064849853516
0.028998613357543945
0.03000044822692871
0.030998945236206055
0.03099822998046875
0.0319972038269043
0.02900099754333496
0.033000946044921875
0.030998945236206055
0.03199648857116699
0.030998706817626953
0.03099822998046875
0.029999494552612305
0.030001163482666016
0.03299999237060547
0.03700065612792969
0.03500032424926758
0.0319976806640625
0.029001235961914062
0.029998779296875
0.0299990177154541
0.031000137329101562
0.0299985408782959
0.029996395111083984
0.029999732971191406
0.03299975395202637
0.03399968147277832
0.03200054168701172
0.035001516342163086
0.03299903869628906
0.03200125694274902
0.0319981575012207
0.029999256134033203
0.03200030326843262
0.03099846839904785
0.03201866149902344
0.030997514724731445
0.030997514724731445
0.0299990177154541
0.03899860382080078
0.040999650955200195
0.04000067710876465
0.03399968147277832
0.0319974422454834
0.03200101852416992
0.03099846839904785
0.03200244903564453
0.032000064849853516
0.029998064041137695
0.031998634338378906
0.03300118446350098
0.0319979190826416
0.03299903869628906
0.03199648857116699
0.03200030326843262
0.030999183654785156
0.031000137329101562
0.031000614166259766
0.029000043869018555
0.032999277114868164
0.02999734878540039
0.0319976806640625
0.03099989891052246
0.031000852584838867
0.02999711036682129
0.032999515533447266
0.03199934959411621
0.03200030326843262
0.031999826431274414
0.029998064041137695
0.03100109100341797
0.030999183654785156
0.03299880027770996
0.03099656105041504
0.032000064849853516
0.031000137329101562
0.03099966049194336
0.029999971389770508
0.029999971389770508
0.031996965408325195
0.03300118446350098
0.030999183654785156
0.03199934959411621
0.031998634338378906
0.03099989891052246
0.030002117156982422
0.03299713134765625
0.03299975395202637
0.030998706817626953
0.03199958801269531
0.029000282287597656
0.03099799156188965
0.030000686645507812
0.03099989891052246
0.0299985408782959
0.030999183654785156
0.02899932861328125
0.03099966049194336
0.03099846839904785
0.032000064849853516
0.030997276306152344
0.0310056209564209
0.030998706817626953
0.03299856185913086
0.029999971389770508
0.03199887275695801
0.03000020980834961
0.030999422073364258
0.029999494552612305
0.03199887275695801
0.03099966049194336
0.03199911117553711
0.030999422073364258
0.03300118446350098
0.030997514724731445
0.031000375747680664
0.031999826431274414
0.032000064849853516
0.030999422073364258
0.030999183654785156
0.030997753143310547
0.029999494552612305
0.029999256134033203
0.03099846839904785
0.03099989891052246
0.032989501953125
0.029999256134033203
0.03099846839904785
0.032000064849853516
0.03300976753234863
0.031012296676635742
0.03300189971923828
0.0299985408782959
0.0319979190826416
0.030998706817626953
0.033000946044921875
0.03099846839904785
0.031000375747680664
0.03199934959411621
0.030984878540039062
0.030988216400146484
0.030986547470092773
0.03099989891052246
0.03300142288208008
0.03200960159301758
0.03299832344055176
0.032000064849853516
0.03400993347167969
0.03198885917663574
0.03199934959411621
0.029987812042236328
0.03300118446350098
0.030997753143310547
0.03199887275695801
0.03099989891052246
0.03301215171813965
0.031989097595214844
0.03300118446350098
0.029998064041137695
0.032000064849853516
0.031000614166259766
0.033013105392456055
0.029985904693603516
0.03200125694274902
0.03299880027770996
0.03200078010559082
0.03199648857116699
0.030998945236206055
0.03299903869628906
0.032000064849853516
0.03200030326843262
0.031998634338378906
0.03100132942199707
0.029997825622558594
0.03199934959411621
0.04999947547912598
0.029999256134033203
0.03599953651428223
0.03199911117553711
0.03000044822692871
0.030999422073364258
0.03000044822692871
0.029999256134033203
0.029999732971191406
0.03099966049194336
0.029999494552612305
0.03200125694274902
0.032997846603393555
0.030997753143310547
0.034998178482055664
0.03200030326843262
0.03099989891052246
0.03100109100341797
0.0299985408782959
0.033000946044921875
0.029999256134033203
0.0299985408782959
0.031996965408325195
0.030998706817626953
0.03099846839904785
0.0319981575012207
0.0299990177154541
0.030998706817626953
0.031002044677734375
0.03198885917663574
0.03299856185913086
0.03299689292907715
0.03099822998046875
0.03099966049194336
0.03199911117553711
0.03300070762634277
0.0319979190826416
0.03299856185913086
0.030001163482666016
0.03400015830993652
0.030997514724731445
0.0330052375793457
0.030998706817626953
0.03099989891052246
0.030997037887573242
0.0319974422454834
0.030998706817626953
0.0299990177154541
0.03300023078918457
0.030999422073364258
0.030998945236206055
0.03299903869628906
0.03300142288208008
0.033998966217041016
0.031000137329101562
0.03199911117553711
0.03099989891052246
0.03099822998046875
0.030998706817626953
0.03299975395202637
0.0299985408782959
0.030998945236206055
0.031000614166259766
0.03199958801269531
0.0319976806640625
0.03199887275695801
0.03000020980834961
0.030001163482666016
0.028997421264648438
0.03300070762634277
0.031989097595214844
0.032997846603393555
0.03200268745422363
0.031000852584838867
0.030999183654785156
0.030999183654785156
0.030999183654785156
0.031000137329101562
0.03200197219848633
0.0299985408782959
0.029996871948242188
0.03099822998046875
0.03099822998046875
0.031998395919799805
0.03299760818481445
0.03200030326843262
0.030999183654785156
0.0319972038269043
0.03000020980834961
0.06200075149536133
0.031998634338378906
0.04199838638305664
0.030998945236206055
0.0319972038269043
0.032000064849853516
0.029999971389770508
0.03099822998046875
0.030997753143310547
0.03099989891052246
0.03199887275695801
0.03099966049194336
0.029998302459716797
0.031998634338378906
0.030997514724731445
0.03199934959411621
0.030010461807250977
0.032004356384277344
0.030999422073364258
0.031999826431274414
0.030998706817626953
0.031002044677734375
0.032999277114868164
0.031999826431274414
0.03299880027770996
0.03099989891052246
0.0299985408782959
0.030998706817626953
0.03200078010559082
0.03400015830993652
0.029999494552612305
0.032999277114868164
0.03099799156188965
0.03300023078918457
0.029999494552612305
0.029998779296875
0.02899956703186035
0.031000137329101562
0.029998302459716797
0.03299999237060547
0.031000375747680664
0.03200078010559082
0.029998302459716797
0.03299856185913086
0.029997825622558594
0.03199887275695801
0.030001401901245117
0.031998395919799805
0.029999494552612305
0.03399825096130371
0.03099989891052246
0.03000020980834961
0.031000614166259766
0.030001163482666016
0.03300046920776367
0.03500008583068848
0.03200078010559082
0.035001277923583984
0.0319979190826416
0.032000064849853516
0.030999422073364258
0.031002283096313477
0.031000137329101562
0.030999183654785156
0.030001163482666016
0.02899789810180664
0.031998395919799805
0.032001495361328125
0.03199648857116699
0.03299999237060547
0.03300023078918457
0.031998634338378906
0.030998945236206055
0.0319981575012207
0.031999826431274414
0.032000064849853516
0.03199911117553711
0.031998634338378906
0.032000064849853516
0.03200054168701172
0.030997514724731445
0.032999277114868164
0.029999256134033203
0.03099989891052246
0.028998851776123047
0.030999422073364258
0.03101372718811035
0.03300213813781738
0.03099989891052246
0.03099822998046875
0.03099966049194336
0.03099846839904785
0.029999494552612305
0.031998395919799805
0.03099966049194336
0.03299999237060547
0.032000064849853516
0.03299975395202637
0.03099989891052246
0.03199887275695801
0.030998706817626953
0.031999826431274414
0.031000137329101562
0.03199958801269531
0.030998706817626953
0.030998945236206055
0.030998706817626953
0.031996726989746094
0.031000375747680664
0.03299999237060547
0.029996395111083984
0.03199911117553711
0.029999732971191406
0.031998395919799805
0.030010700225830078
0.03198575973510742
0.03099966049194336
0.03099846839904785
0.030999183654785156
0.034003496170043945
0.0299985408782959
0.03299903869628906
0.03099966049194336
0.031999826431274414
0.030998945236206055
0.03200244903564453
0.0319979190826416
0.029999732971191406
0.0299990177154541
0.03299903869628906
0.03199958801269531
0.03299975395202637
0.030998706817626953
0.03299975395202637
0.031000137329101562
0.031998395919799805
0.03200340270996094
0.03199052810668945
0.030999422073364258
0.032000064849853516
0.03499937057495117
0.03199934959411621
0.03199934959411621
0.03199958801269531
0.03199887275695801
0.03099822998046875
0.032998085021972656
0.031998634338378906
0.030999183654785156
0.03199958801269531
0.03200030326843262
0.033998966217041016
0.03200125694274902
0.03200244903564453
0.035002708435058594
0.03399777412414551
0.03200101852416992
0.03299999237060547
0.03199887275695801
0.03199887275695801
0.031996726989746094
0.03100132942199707
0.0319976806640625
0.03199887275695801
0.03199911117553711
0.0319979190826416
0.031000614166259766
0.029997587203979492
0.030998706817626953
0.03199887275695801
0.0299985408782959
0.029998779296875
0.029999971389770508
0.0299985408782959
0.030999183654785156
0.03399848937988281
0.03299689292907715
0.03199958801269531
0.03299856185913086
0.03299856185913086
0.03599953651428223
0.0429987907409668
0.03699898719787598
0.0319979190826416
0.033998727798461914
0.03099989891052246
0.032999515533447266
0.03300046920776367
0.029999732971191406
0.03200054168701172
0.0339968204498291
0.031999826431274414
0.03199934959411621
0.031000137329101562
0.031000137329101562
0.03200125694274902
0.027997255325317383
0.030999183654785156
0.03200030326843262
0.031998634338378906
0.03099966049194336
0.030998945236206055
0.2050013542175293
0.03298592567443848
0.03300046920776367
0.030997514724731445
0.029996633529663086
0.03199911117553711
0.032999515533447266
0.030999183654785156
0.03199887275695801
0.029999256134033203
0.03199934959411621
0.030999422073364258
0.032000064849853516
0.030999422073364258
0.03200054168701172
0.030998945236206055
0.029998779296875
0.030999422073364258
0.03099822998046875
0.0319979190826416
0.03199887275695801
0.029998779296875
0.031000137329101562
0.0299990177154541
0.030999422073364258
0.03000164031982422
0.031000614166259766
0.030999183654785156
0.03399944305419922
0.029998779296875
0.03099989891052246
0.03199887275695801
0.03399848937988281
0.030998706817626953
0.031001806259155273
0.030999183654785156
0.03299999237060547
0.03199887275695801
0.03200054168701172
0.03199887275695801
0.030997753143310547
0.03099966049194336
0.03299856185913086
0.029999971389770508
0.03099846839904785
0.0299985408782959
0.03099846839904785
0.029998779296875
0.03299903869628906
0.030000686645507812
0.0319979190826416
0.030999183654785156
0.03200268745422363
0.030999183654785156
0.029999732971191406
0.03099799156188965
0.03199911117553711
0.03299903869628906
0.03300070762634277
0.032000064849853516
0.0329897403717041
0.03300070762634277
0.03299689292907715
0.03197360038757324
0.034002065658569336
0.030997753143310547
0.03099966049194336
0.031012296676635742
0.03199958801269531
0.031000137329101562
0.03199958801269531
0.03000020980834961
0.03099966049194336
0.030998945236206055
0.03299903869628906
0.031002044677734375
0.03199934959411621
0.03200101852416992
0.032999515533447266
0.029999494552612305
0.030998706817626953
0.030997753143310547
0.03199911117553711
0.033002614974975586
0.030997514724731445
0.031999826431274414
0.03199934959411621
0.03200054168701172
0.030011892318725586
0.03098464012145996
0.032000064849853516
0.03200387954711914
0.03200030326843262
0.03200364112854004
0.03198838233947754
0.02998495101928711
0.031013965606689453
0.030988693237304688
0.03200101852416992
0.030999183654785156
0.03200054168701172
0.03199958801269531
0.03199911117553711
0.031996965408325195
0.03099846839904785
0.03199958801269531
0.031999826431274414
0.030999183654785156
0.03300046920776367
0.03199911117553711
0.033003807067871094
0.030999183654785156
0.0319979190826416
0.030999183654785156
0.03199934959411621
0.03099989891052246
0.032999515533447266
0.031000614166259766
0.03300046920776367
0.031011104583740234
0.03299880027770996
0.03000020980834961
0.03200101852416992
0.03099966049194336
0.0319979190826416
0.030998706817626953
0.032999277114868164
0.031015872955322266
0.032999515533447266
0.031008005142211914
0.033005475997924805
0.031999826431274414
0.033000946044921875
0.0319981575012207
0.03199887275695801
0.029999256134033203
0.031998634338378906
0.031999826431274414
0.031998395919799805
0.030999422073364258
0.03299903869628906
0.03199458122253418
0.03099846839904785
0.028999805450439453
0.03199958801269531
0.029998302459716797
0.030998706817626953
0.031000614166259766
0.03299880027770996
0.03199958801269531
0.03199934959411621
0.030998706817626953
0.03300070762634277
0.03099799156188965
0.03099822998046875
0.03199911117553711
0.031001567840576172
0.030997037887573242
0.030997514724731445
0.03099679946899414
0.032000064849853516
0.030999422073364258
0.03299880027770996
0.030003070831298828
0.033013105392456055
0.029991865158081055
0.031999826431274414
0.030999422073364258
0.031999826431274414
0.03101348876953125
0.032999515533447266
0.03099966049194336
0.03199911117553711
0.030984878540039062
0.03199911117553711
0.029999256134033203
0.03299999237060547
0.03100275993347168
0.03200054168701172
0.031998395919799805
0.03200650215148926
0.031998634338378906
0.031998634338378906
0.03199934959411621
0.03199911117553711
0.031998634338378906
0.031989336013793945
0.031000375747680664
0.03200054168701172
0.03099799156188965
0.03299975395202637
0.03099989891052246
0.03199958801269531
0.030999422073364258
0.03199958801269531
0.031000137329101562
0.03200030326843262
0.030998945236206055
0.031999826431274414
0.032000064849853516
0.03199887275695801
0.032000064849853516
0.03299856185913086
0.03399157524108887
0.03099822998046875
0.0319976806640625
0.031992435455322266
0.029998302459716797
0.029996633529663086
0.032999515533447266
0.03299880027770996
0.031000614166259766
0.031998395919799805
0.03199958801269531
0.031998634338378906
0.030999183654785156
0.031998634338378906
0.03200030326843262
0.03198838233947754
0.028997182846069336
0.034000396728515625
0.0299985408782959
0.03199887275695801
0.031000137329101562
0.032999515533447266
0.031001567840576172
0.0319979190826416
0.03099989891052246
0.0320131778717041
0.030994415283203125
0.032001495361328125
0.03099822998046875
0.03300046920776367
0.032001495361328125
0.03199887275695801
0.031000375747680664
0.032994985580444336
0.030985355377197266
0.032999277114868164
0.031000137329101562
0.031998395919799805
0.03200101852416992
0.03299999237060547
0.031000852584838867
0.03299880027770996
0.032999515533447266
0.03199887275695801
0.03099966049194336
0.030999183654785156
0.030005455017089844
0.0319981575012207
0.02899789810180664
0.03400015830993652
0.03199958801269531
0.032999277114868164
0.030998945236206055
0.03199958801269531
0.029999494552612305
0.03600025177001953
0.033000946044921875
0.03299903869628906
0.03099989891052246
0.031998395919799805
0.03200244903564453
0.0319976806640625
0.03299832344055176
0.032013893127441406
0.03099656105041504
0.03300023078918457
0.030998945236206055
0.03199934959411621
0.0319981575012207
0.030998945236206055
0.030999422073364258
0.03300118446350098
0.031000614166259766
0.031000375747680664
0.03300142288208008
0.03499937057495117
0.03000044822692871
0.031000375747680664
0.030998706817626953
0.031987905502319336
0.03000497817993164
0.030996322631835938
0.03800082206726074
0.031998395919799805
0.029998064041137695
0.0319976806640625
0.030000686645507812
0.032000064849853516
0.028998136520385742
0.030999183654785156
0.03099989891052246
0.031998634338378906
0.030998706817626953
0.030997753143310547
0.029999732971191406
0.03199934959411621
0.030998945236206055
0.03199934959411621
0.030998945236206055
0.031000375747680664
0.031998634338378906
0.03199934959411621
0.031000137329101562
0.03300023078918457
0.03199958801269531
0.03100109100341797
0.03199934959411621
0.03300023078918457
0.030999183654785156
0.03199958801269531
0.029998302459716797
0.03200030326843262
0.030998706817626953
0.032999277114868164
0.03300023078918457
0.03299689292907715
0.030998945236206055
0.032998085021972656
0.03200078010559082
0.0319979190826416
0.030999183654785156
0.03300046920776367
0.03200030326843262
0.03199911117553711
0.03200078010559082
0.03299856185913086
0.031000375747680664
0.03199934959411621
0.032000064849853516
0.03099966049194336
0.031000852584838867
0.03099799156188965
0.03200030326843262
0.032998085021972656
0.03200101852416992
0.03299856185913086
0.030998945236206055
0.030998945236206055
0.030000686645507812
0.030998945236206055
0.03200078010559082
0.03099846839904785
0.03099966049194336
0.032999277114868164
0.030999422073364258
0.031998395919799805
0.030000686645507812
0.03099799156188965
0.03100132942199707
0.03199887275695801
0.03199958801269531
0.03300285339355469
0.0309906005859375
0.033998966217041016
0.031999826431274414
0.03299832344055176
0.03199958801269531
0.06200003623962402
0.030999183654785156
0.03099966049194336
0.03299856185913086
0.02899956703186035
0.03099822998046875
0.030000925064086914
0.03099989891052246
0.029999256134033203
0.030998945236206055
0.029997825622558594
0.03300809860229492
0.029999971389770508
0.030999183654785156
0.029999494552612305
0.03200078010559082
0.03200054168701172
0.03299903869628906
0.03201150894165039
0.03199958801269531
0.030999183654785156
0.030999183654785156
0.028999805450439453
0.03200125694274902
0.030996322631835938
0.033005475997924805
0.03199934959411621
0.03099799156188965
0.0319974422454834
0.030998945236206055
0.03199648857116699
0.03300046920776367
0.03099799156188965
0.03299975395202637
0.02999734878540039
0.030998945236206055
0.031003236770629883
0.031998634338378906
0.029999732971191406
0.032999515533447266
0.030999183654785156
0.030999422073364258
0.029999256134033203
0.030001163482666016
0.028997421264648438
0.03199934959411621
0.03200030326843262
0.03099799156188965
0.027999401092529297
0.03300046920776367
0.03199887275695801
0.032999515533447266
0.03101181983947754
0.033000946044921875
0.030997037887573242
0.03200030326843262
0.03299856185913086
0.03300142288208008
0.03099966049194336
0.031998395919799805
0.031998634338378906
0.03200078010559082
0.03099846839904785
0.030999183654785156
0.030999183654785156
0.032000064849853516
0.0320127010345459
0.03199934959411621
0.030999183654785156
0.03199934959411621
0.030999183654785156
0.03099822998046875
0.029999494552612305
0.033000946044921875
0.029997825622558594
0.03200078010559082
0.03199934959411621
0.03299832344055176
0.031000852584838867
0.03199911117553711
0.029998064041137695
0.03500008583068848
0.03200101852416992
0.03399848937988281
0.029999971389770508
0.0319981575012207
0.030998945236206055
0.03300166130065918
0.030997514724731445
0.03100109100341797
0.030997514724731445
0.03299999237060547
0.03199887275695801
0.032000064849853516
0.030998945236206055
0.030998945236206055
0.0299990177154541
0.031998634338378906
0.03200078010559082
0.03199934959411621
0.03099966049194336
0.03099989891052246
0.03099989891052246
0.03099799156188965
0.031000137329101562
0.03299975395202637
0.033998727798461914
0.03299975395202637
0.03199958801269531
0.03299689292907715
0.029999732971191406
0.03499889373779297
0.036998748779296875
0.0390012264251709
0.03399801254272461
0.03600311279296875
0.037001848220825195
0.03200030326843262
0.03399777412414551
0.03200030326843262
0.03099966049194336
0.03599953651428223
0.044999122619628906
0.03199934959411621
0.03300213813781738
0.03299999237060547
0.032999515533447266
0.0299985408782959
0.03099846839904785
0.03100109100341797
0.039998531341552734
0.03199934959411621
0.031999826431274414
0.031996726989746094
0.0319974422454834
0.03199934959411621
0.03200030326843262
0.03200054168701172
0.03299832344055176
0.032998085021972656
0.031000375747680664
0.03200078010559082
0.031000614166259766
0.031000375747680664
0.03299880027770996
0.0299990177154541
0.029997587203979492
0.03200125694274902
0.029999732971191406
0.032999515533447266
0.03299903869628906
0.03299999237060547
0.029998779296875
0.03099989891052246
0.029998779296875
0.031998634338378906
0.03200101852416992
0.03200721740722656
0.03400444984436035
0.03299546241760254
0.031002044677734375
0.03299760818481445
0.039000511169433594
0.03300070762634277
0.030002832412719727
0.03000044822692871
0.028999805450439453
0.030996084213256836
0.0299990177154541
0.03400278091430664
0.03099966049194336
0.03199934959411621
0.03099966049194336
0.031999826431274414
0.030997514724731445
0.029999256134033203
0.035001277923583984
0.031000137329101562
0.033005475997924805
0.0319981575012207
0.03199934959411621
0.030998706817626953
0.029999971389770508
0.029999494552612305
0.031999826431274414
0.030999183654785156
0.030999422073364258
0.03399968147277832
0.031998395919799805
0.031000614166259766
0.030997037887573242
0.03200030326843262
0.03199911117553711
0.031998395919799805
0.03199958801269531
0.03099966049194336
0.030999422073364258
0.03300142288208008
0.031008243560791016
0.030998706817626953
0.03099989891052246
0.03099822998046875
0.031001567840576172
0.0319981575012207
0.03000044822692871
0.03000164031982422
0.030997514724731445
0.03199911117553711
0.030999183654785156
0.032997846603393555
0.03099989891052246
0.030999183654785156
0.03200054168701172
0.03200078010559082
0.03199934959411621
0.032999515533447266
0.03099966049194336
0.06199908256530762
0.031998634338378906
0.034001827239990234
0.03099799156188965
0.03199887275695801
0.030999422073364258
0.02900075912475586
0.030998706817626953
0.029000282287597656
0.03099846839904785
0.03099846839904785
0.03300070762634277
0.030999422073364258
0.02999711036682129
0.033998966217041016
0.03099846839904785
0.028999805450439453
0.030998706817626953
0.029999256134033203
0.03199958801269531
0.030994892120361328
0.029999732971191406
0.031995296478271484
0.0319972038269043
0.031996965408325195
0.03099822998046875
0.03199958801269531
0.03299999237060547
0.031999826431274414
0.033002376556396484
0.032996416091918945
0.029998779296875
0.03199911117553711
0.03199958801269531
0.031000137329101562
0.030997753143310547
0.029999732971191406
0.03099989891052246
0.03200173377990723
0.03200030326843262
0.03400087356567383
0.03299832344055176
0.032000064849853516
0.030998945236206055
0.03199934959411621
0.03300046920776367
0.029998302459716797
0.03299903869628906
0.03099966049194336
0.03300046920776367
0.03099846839904785
0.03199887275695801
0.02999734878540039
0.03400254249572754
0.030997514724731445
0.032011985778808594
0.030987262725830078
0.030994415283203125
0.0299985408782959
0.03200173377990723
0.030997276306152344
0.03199958801269531
0.030998945236206055
0.031998395919799805
0.03200531005859375
0.03000164031982422
0.03399777412414551
0.033995866775512695
0.031998634338378906
0.030997514724731445
0.029998064041137695
0.02899932861328125
0.030999422073364258
0.03199934959411621
0.03200197219848633
0.032998085021972656
0.030998706817626953
0.03200125694274902
0.03299903869628906
0.03199887275695801
0.029998779296875
0.029998779296875
0.03099822998046875
0.03099822998046875
0.0299985408782959
0.03099989891052246
0.030998706817626953
0.03199958801269531
0.029997587203979492
0.03099846839904785
0.030999422073364258
0.03300070762634277
0.03099846839904785
0.032999515533447266
0.029999971389770508
0.033000946044921875
0.028998613357543945
0.031998395919799805
0.029999494552612305
0.03299856185913086
0.030998706817626953
0.03300023078918457
0.03099822998046875
0.03300023078918457
0.031998634338378906
0.03300833702087402
0.0309906005859375
0.032999515533447266
0.030995845794677734
0.03300142288208008
0.030999183654785156
0.03200054168701172
0.03199887275695801
0.032999515533447266
0.03799843788146973
0.03199934959411621
0.031000375747680664
0.031002283096313477
0.029999732971191406
0.03099822998046875
0.03099966049194336
0.03099656105041504
0.029999494552612305
0.031998634338378906
0.03500175476074219
0.032998085021972656
0.030000686645507812
0.029999971389770508
0.028997182846069336
0.03200125694274902
0.029997825622558594
0.03099822998046875
0.03299880027770996
0.032000064849853516
0.03199887275695801
0.030999183654785156
0.033998727798461914
0.0319976806640625
0.030999422073364258
0.03200030326843262
0.033000946044921875
0.030997514724731445
0.0299990177154541
0.030998706817626953
0.02899932861328125
0.03200173377990723
0.029999256134033203
0.03300046920776367
0.030999183654785156
0.03200030326843262
0.031000137329101562
0.03200197219848633
0.0319979190826416
0.03200125694274902
0.0319981575012207
0.031998634338378906
0.03199887275695801
0.03200078010559082
0.03199911117553711
0.03100419044494629
0.030997276306152344
0.030998706817626953
0.031000852584838867
0.03301215171813965
0.0299990177154541
0.03300023078918457
0.03300070762634277
0.03599953651428223
0.01799798011779785
0.0319974422454834
0.030997037887573242
0.032000064849853516
0.0319976806640625
0.028999805450439453
0.03099799156188965
0.0299990177154541
0.03200125694274902
0.031996726989746094
0.03099989891052246
0.029998779296875
0.029998302459716797
0.030998706817626953
0.030997037887573242
0.032000064849853516
0.031999826431274414
0.0299990177154541
0.03199958801269531
0.031000137329101562
0.031998634338378906
0.030999422073364258
0.032999515533447266
0.03100132942199707
0.031002521514892578
0.030999422073364258
0.032000064849853516
0.0690004825592041
0.02899932861328125
0.03000020980834961
0.031995534896850586
0.03300070762634277
0.031000375747680664
0.029999732971191406
0.031000852584838867
0.02899789810180664
0.0299985408782959
0.032999515533447266
0.03199958801269531
0.0299985408782959
0.029999971389770508
0.0299990177154541
0.029999256134033203
0.03099989891052246
0.031000137329101562
0.03199934959411621
0.03299880027770996
0.030998945236206055
0.03199911117553711
0.028998136520385742
0.032001495361328125
0.03399801254272461
0.030998706817626953
0.031999826431274414
0.032997846603393555
0.03099846839904785
0.03199887275695801
0.032999515533447266
0.032000064849853516
0.03199887275695801
0.03199577331542969
0.029997825622558594
0.03199934959411621
0.030999422073364258
0.0319976806640625
0.030999183654785156
0.0319979190826416
0.031001567840576172
0.03300023078918457
0.03099966049194336
0.028999805450439453
0.029999256134033203
0.03200054168701172
0.0319979190826416
0.030999422073364258
0.03199934959411621
0.03200054168701172
0.032999515533447266
0.03199887275695801
0.031011343002319336
0.03300786018371582
0.031991004943847656
0.03199887275695801
0.030998706817626953
0.03199934959411621
0.03099966049194336
0.03001117706298828
0.03098773956298828
0.0319979190826416
0.03001236915588379
0.0319981575012207
0.029999256134033203
0.03300166130065918
0.03199934959411621
0.031000137329101562
0.03300023078918457
0.034001827239990234
0.03399825096130371
0.03100419044494629
0.03299856185913086
0.03100132942199707
0.0319974422454834
0.033000946044921875
0.02999711036682129
0.031996726989746094
0.030998945236206055
0.0329890251159668
0.030999422073364258
0.034000396728515625
0.045998573303222656
0.0319981575012207
0.031998395919799805
0.03199934959411621
0.03199958801269531
0.030997753143310547
0.031998395919799805
0.032999277114868164
0.03200173377990723
0.031999826431274414
0.031001567840576172
0.03200197219848633
0.03299832344055176
0.0319979190826416
0.03199958801269531
0.031998395919799805
0.03000020980834961
0.03300046920776367
0.030998706817626953
0.03300070762634277
0.03099799156188965
0.032999515533447266
0.0299990177154541
0.03299856185913086
0.030000925064086914
0.03299975395202637
0.029999971389770508
0.032002925872802734
0.03099846839904785
0.032999277114868164
0.0319976806640625
0.03300046920776367
0.031998395919799805
0.031999826431274414
0.03099799156188965
0.03199052810668945
0.030998945236206055
0.032004594802856445
0.0299990177154541
0.03399991989135742
0.031000375747680664
0.03301119804382324
0.031998634338378906
0.03200030326843262
0.03299903869628906
0.03199911117553711
0.03299999237060547
0.03199911117553711
0.031998634338378906
0.03300118446350098
0.03299736976623535
0.03200483322143555
0.030998945236206055
0.033998966217041016
0.03199934959411621
0.03199887275695801
0.031003236770629883
0.0319979190826416
0.030999183654785156
0.03299856185913086
0.03099966049194336
0.03201031684875488
0.031989097595214844
0.03199911117553711
0.031998395919799805
0.03300046920776367
0.03200030326843262
0.031998634338378906
0.03199911117553711
0.03499960899353027
0.030999422073364258
0.03299903869628906
0.03099966049194336
0.03299880027770996
0.029999256134033203
0.03099966049194336
0.031000137329101562
0.033988237380981445
0.029998302459716797
0.03199911117553711
0.03199887275695801
0.033011436462402344
0.030985116958618164
0.031999826431274414
0.029998779296875
0.032999277114868164
0.03199911117553711
0.03300952911376953
0.03198862075805664
0.030987977981567383
0.03099799156188965
0.03299880027770996
0.03099822998046875
0.032999277114868164
0.030997276306152344
0.03199958801269531
0.030999422073364258
0.03099989891052246
0.03299856185913086
0.03199887275695801
0.031999826431274414
0.033998966217041016
0.029999971389770508
0.03198647499084473
0.029999732971191406
0.03200078010559082
0.030999422073364258
0.03201413154602051
0.03098440170288086
0.031003952026367188
0.03099989891052246
0.03300070762634277
0.030997514724731445
0.03300666809082031
0.031000137329101562
0.03201127052307129
0.0320127010345459
0.032994747161865234
0.030999183654785156
0.03299975395202637
0.029998302459716797
0.03099822998046875
0.030999422073364258
0.03200101852416992
0.030003070831298828
0.03099966049194336
0.0310056209564209
0.031998634338378906
0.030998945236206055
0.03199911117553711
0.029999732971191406
0.0319979190826416
0.03199887275695801
0.03300023078918457
0.030998706817626953
0.0319981575012207
0.031000137329101562
0.03300070762634277
0.029999494552612305
0.032000064849853516
0.029998064041137695
0.03300046920776367
0.031000375747680664
0.03300142288208008
0.030999183654785156
0.030998706817626953
0.030999422073364258
0.03399777412414551
0.03099822998046875
0.03199958801269531
0.03099966049194336
0.030998945236206055
0.028998613357543945
0.030999422073364258
0.031998634338378906
0.030999183654785156
0.03200125694274902
0.0319979190826416
0.03299880027770996
0.03399825096130371
0.030995607376098633
0.031998634338378906
0.031000137329101562
0.029998779296875
0.02900099754333496
0.032996177673339844
0.03299880027770996
0.03200030326843262
0.028998136520385742
0.031996965408325195
0.03099799156188965
0.03099822998046875
0.030999183654785156
0.03199911117553711
0.031998634338378906
0.03299856185913086
0.031995534896850586
0.03500819206237793
0.031000375747680664
0.031998395919799805
0.03199911117553711
0.03199934959411621
0.031998395919799805
0.032997846603393555
0.032999277114868164
0.03200054168701172
0.0319976806640625
0.030998706817626953
0.032003164291381836
0.047000885009765625
0.04399919509887695
0.03299760818481445
0.031000852584838867
0.03100132942199707
0.028997421264648438
0.03199887275695801
0.032999515533447266
0.03299975395202637
0.031999826431274414
0.0319981575012207
0.031000137329101562
0.03400111198425293
0.03200268745422363
0.03299880027770996
0.0340113639831543
0.03299832344055176
0.03199887275695801
0.03199934959411621
0.030997514724731445
0.030999422073364258
0.03300046920776367
0.030999183654785156
0.03199911117553711
0.0299985408782959
0.029003143310546875
0.03299903869628906
0.030998945236206055
0.031000137329101562
0.029000043869018555
0.03200173377990723
0.030997514724731445
0.03099966049194336
0.029996871948242188
0.03199911117553711
0.029998064041137695
0.032000064849853516
0.03099966049194336
0.032999277114868164
0.029999494552612305
0.03199958801269531
0.03300046920776367
0.03300070762634277
0.03099966049194336
0.03199911117553711
0.031000614166259766
0.03199911117553711
0.032999515533447266
0.03299903869628906
0.03099966049194336
0.031000375747680664
0.03199958801269531
0.03299832344055176
0.031999826431274414
0.031999826431274414
0.031999826431274414
0.032999515533447266
0.03200054168701172
0.031000375747680664
0.03299880027770996
0.03099966049194336
0.03299856185913086
0.030999183654785156
0.03199934959411621
0.03299856185913086
0.031000614166259766
0.03200054168701172
0.03099846839904785
0.03399801254272461
0.03000164031982422
0.0319981575012207
0.030985116958618164
0.03299880027770996
0.030997276306152344
0.03299999237060547
0.03099822998046875
0.0330045223236084
0.029999256134033203
0.03299665451049805
0.03200054168701172
0.032996177673339844
0.029998302459716797
0.03300023078918457
0.031000137329101562
0.03200817108154297
0.031005859375
0.03299903869628906
0.03500080108642578
0.03199911117553711
0.03198814392089844
0.032997846603393555
0.029997825622558594
0.030997753143310547
0.029999971389770508
0.03099822998046875
0.03200101852416992
0.03199934959411621
0.03099989891052246
0.031999826431274414
0.030999422073364258
0.031998634338378906
0.03099966049194336
0.0319981575012207
0.03099846839904785
0.03199887275695801
0.03099989891052246
0.032000064849853516
0.03199958801269531
0.033998727798461914
0.03200078010559082
0.03399920463562012
0.030999183654785156
0.03399324417114258
0.03099989891052246
0.032011985778808594
0.032000064849853516
0.032988548278808594
0.0299985408782959
0.029999494552612305
0.03098464012145996
0.03400158882141113
0.030997276306152344
0.0319981575012207
0.03299832344055176
0.031000614166259766
0.03201127052307129
0.03301644325256348
0.030984163284301758
0.032999277114868164
0.033000946044921875
0.03399801254272461
0.029998064041137695
0.03400111198425293
0.030999183654785156
0.03400683403015137
0.03299832344055176
0.031996965408325195
0.0319981575012207
0.031998395919799805
0.031000614166259766
0.03299903869628906
0.031001567840576172
0.03199887275695801
0.03100109100341797
0.030998945236206055
0.029998302459716797
0.0319976806640625
0.029998779296875
0.031000375747680664
0.031000137329101562
0.03200030326843262
0.031998395919799805
0.031998395919799805
0.031000137329101562
0.03300046920776367
0.03000020980834961
0.032990455627441406
0.030998706817626953
0.03398585319519043
0.031999826431274414
0.03400015830993652
0.030998706817626953
0.03299999237060547
0.03099799156188965
0.03401374816894531
0.03299736976623535
0.03300213813781738
0.03199887275695801
0.03200078010559082
0.0319976806640625
0.03300070762634277
0.030997753143310547
0.0319974422454834
0.030997514724731445
0.03299903869628906
0.0319976806640625
0.032997846603393555
0.030997753143310547
0.030986547470092773
0.03499960899353027
0.031006336212158203
0.030999422073364258
0.030997037887573242
0.03098893165588379
0.03299736976623535
0.030998945236206055
0.03299713134765625
0.031999826431274414
0.03299999237060547
0.031999826431274414
0.0319981575012207
0.029999732971191406
0.03100299835205078
0.08199834823608398
0.04399919509887695
0.03699970245361328
0.03199958801269531
0.03199577331542969
0.03299880027770996
0.031998395919799805
0.03399968147277832
0.03099846839904785
0.029998779296875
0.03299975395202637
0.034000396728515625
0.030997753143310547
0.03099966049194336
0.03199887275695801
0.03299903869628906
0.03399920463562012
0.03200221061706543
0.03299880027770996
0.036002159118652344
0.053002357482910156
0.03599739074707031
0.03499746322631836
0.03300118446350098
0.03200221061706543
0.03298807144165039
0.03299760818481445
0.03299903869628906
0.03199911117553711
0.0650014877319336
0.03800058364868164
0.04699850082397461
0.0709981918334961
0.03399777412414551
0.03199958801269531
0.03299880027770996
0.03200101852416992
0.03299999237060547
0.03199958801269531
0.03200101852416992
0.03399944305419922
0.032999277114868164
0.03199887275695801
0.031998634338378906
0.031999826431274414
0.0319981575012207
0.033000946044921875
0.03299903869628906
0.03299975395202637
0.03300046920776367
0.03199934959411621
0.031998395919799805
0.03199911117553711
0.03300023078918457
0.03699922561645508
0.03200125694274902
0.031002044677734375
0.030997753143310547
0.03299903869628906
0.029999732971191406
0.031000137329101562
0.03300046920776367
0.030998945236206055
0.031998634338378906
0.029000520706176758
0.028999805450439453
0.03099989891052246
0.029997825622558594
0.030997514724731445
0.03299665451049805
0.029998302459716797
0.030998706817626953
0.029998779296875
0.031999826431274414
0.03199887275695801
0.03298616409301758
0.03200030326843262
0.033002376556396484
0.031000137329101562
0.03301286697387695
0.030000686645507812
0.03399491310119629
0.03199934959411621
0.03299880027770996
0.032000064849853516
0.031996965408325195
0.030999183654785156
0.031998395919799805
0.029999732971191406
0.03199934959411621
0.030998706817626953
0.03299880027770996
0.031998634338378906
0.04600095748901367
0.03699898719787598
0.045999765396118164
0.03000020980834961
0.029999494552612305
0.030995607376098633
0.03099822998046875
0.03101372718811035
0.030997753143310547
0.03000044822692871
0.03299856185913086
0.032000064849853516
0.03499913215637207
0.030998706817626953
0.03399920463562012
0.039000749588012695
0.029999256134033203
0.030999183654785156
0.031998634338378906
0.029000282287597656
0.0299990177154541
0.030000925064086914
0.03199934959411621
0.027998924255371094
0.031998634338378906
0.03099966049194336
0.031998634338378906
0.030007362365722656
0.029999971389770508
0.031005382537841797
0.03199887275695801
0.031989336013793945
0.03399848937988281
0.03199934959411621
0.031998634338378906
0.031002283096313477
0.03199911117553711
0.03200984001159668
0.032000064849853516
0.03099989891052246
0.03199958801269531
0.03199887275695801
0.03200173377990723
0.03199005126953125
0.03300213813781738
0.03099799156188965
0.031999826431274414
0.030999422073364258
0.030998945236206055
0.03099799156188965
0.031999826431274414
0.03299880027770996
0.032991647720336914
0.03599905967712402
0.034998178482055664
0.03400015830993652
0.0319979190826416
0.03099846839904785
0.0319976806640625
0.0319981575012207
0.03099846839904785
0.029999256134033203
0.030999183654785156
0.03099966049194336
0.03000044822692871
0.032000064849853516
0.033997535705566406
0.030999183654785156
0.03300166130065918
0.03099679946899414
0.03399944305419922
0.03099966049194336
0.031002283096313477
0.03099989891052246
0.03400921821594238
0.031000375747680664
0.03300142288208008
0.03199911117553711
0.03300118446350098
0.031000852584838867
0.029998302459716797
0.030997514724731445
0.03099846839904785
0.029999494552612305
0.03299975395202637
0.03199934959411621
0.032999277114868164
0.03199934959411621
0.03199934959411621
0.03099989891052246
0.03099846839904785
0.03100275993347168
0.029998302459716797
0.028998851776123047
0.03199958801269531
0.03099799156188965
0.03199958801269531
0.03200054168701172
0.03200054168701172
0.031000852584838867
0.03399991989135742
0.03099966049194336
0.03499770164489746
0.03400063514709473
0.03199911117553711
0.031000852584838867
0.03200054168701172
0.0319979190826416
0.031000852584838867
0.03300070762634277
0.03200078010559082
0.03099799156188965
0.03300118446350098
0.029997587203979492
0.03499770164489746
0.0319981575012207
0.033000946044921875
0.030999422073364258
0.033000946044921875
0.03299832344055176
0.03299999237060547
0.032001495361328125
0.03300070762634277
0.031998395919799805
0.030998706817626953
0.03000044822692871
0.031996965408325195
0.029997587203979492
0.031998395919799805
0.030010461807250977
0.031998634338378906
0.029999494552612305
0.03199887275695801
0.03300166130065918
0.03199887275695801
0.02899956703186035
0.03199887275695801
0.032999515533447266
0.03199934959411621
0.03299903869628906
0.032999277114868164
0.031000375747680664
0.03299999237060547
0.03200101852416992
0.033000946044921875
0.0319974422454834
0.037001609802246094
0.03299880027770996
0.03199911117553711
0.031999826431274414
0.03299880027770996
0.03099966049194336
0.03400158882141113
0.03399848937988281
0.037001609802246094
0.031998395919799805
0.03200030326843262
0.030999422073364258
0.030999183654785156
0.030998706817626953
0.03199887275695801
0.014999866485595703
0.03499794006347656
0.032000064849853516
0.03099799156188965
0.029998779296875
0.031998634338378906
0.029999494552612305
0.03100109100341797
0.029997825622558594
0.02799820899963379
0.030000686645507812
0.03099846839904785
0.03300142288208008
0.03199887275695801
0.031999826431274414
0.03300142288208008
0.03200221061706543
0.03099989891052246
0.03200244903564453
0.030997276306152344
0.03200030326843262
0.03100132942199707
0.03099822998046875
0.03200054168701172
0.03400015830993652
0.0299990177154541
0.03199934959411621
0.03099966049194336
0.030999422073364258
0.029998779296875
0.032999515533447266
0.0299990177154541
0.030999422073364258
0.03499865531921387
0.033998727798461914
0.030001401901245117
0.03300118446350098
0.03299856185913086
0.03199934959411621
0.03199934959411621
0.03399991989135742
0.032999277114868164
0.03299975395202637
0.032999277114868164
0.03299856185913086
0.03199911117553711
0.03099966049194336
0.03199934959411621
0.03299975395202637
0.03199934959411621
0.0319981575012207
0.032999277114868164
0.03199958801269531
0.03099966049194336
0.03199958801269531
0.031000137329101562
0.031999826431274414
0.03300023078918457
0.032000064849853516
0.031999826431274414
0.03199648857116699
0.031000137329101562
0.03100109100341797
0.03099822998046875
0.03200268745422363
0.031996726989746094
0.03299856185913086
0.03099966049194336
0.03099846839904785
0.032999277114868164
0.031000137329101562
0.03199911117553711
0.03200078010559082
0.03099989891052246
0.03199958801269531
0.03299999237060547
0.0340123176574707
0.030986785888671875
0.032999277114868164
0.032990217208862305
0.03299999237060547
0.03299999237060547
0.0319981575012207
0.03100132942199707
0.030998945236206055
0.03200125694274902
0.031999826431274414
0.029998779296875
0.03299880027770996
0.03200101852416992
0.03199887275695801
0.0299990177154541
0.030999183654785156
0.03099966049194336
0.03299999237060547
0.031000137329101562
0.029998064041137695
0.03299999237060547
0.03200221061706543
0.032036542892456055
0.031996726989746094
0.03199911117553711
0.03300046920776367
0.030971288681030273
0.033989906311035156
0.02900838851928711
0.03300023078918457
0.03200054168701172
0.032999277114868164
0.030999422073364258
0.03400087356567383
0.031998395919799805
0.030997753143310547
0.031998634338378906
0.033000946044921875
0.031008243560791016
0.030999422073364258
0.0319981575012207
0.03400230407714844
0.03199911117553711
0.033000946044921875
0.03099966049194336
0.03200054168701172
0.029998302459716797
0.031998395919799805
0.030999422073364258
0.03199887275695801
0.03199887275695801
0.03300189971923828
0.03099989891052246
0.03099822998046875
0.031000614166259766
0.030999183654785156
0.031000137329101562
0.03200054168701172
0.03099846839904785
0.03299760818481445
0.030999183654785156
0.029998779296875
0.031000375747680664
0.03200125694274902
0.031998634338378906
0.033000946044921875
0.029998064041137695
0.032999277114868164
0.03099846839904785
0.032999515533447266
0.030999422073364258
0.03399848937988281
0.03299999237060547
0.03299880027770996
0.03299880027770996
0.02999591827392578
0.030998945236206055
0.03299880027770996
0.03200268745422363
0.030992746353149414
0.03299570083618164
0.031998395919799805
0.03199934959411621
0.03299999237060547
0.03299975395202637
0.031998634338378906
0.031008481979370117
0.03298377990722656
0.03199934959411621
0.03300142288208008
0.03099799156188965
0.03399920463562012
0.03299903869628906
0.03299999237060547
0.030999422073364258
0.033998966217041016
0.031010150909423828
0.032998085021972656
0.031010866165161133
0.03299975395202637
0.030987024307250977
0.03201127052307129
0.0299990177154541
0.03199958801269531
0.029999256134033203
0.031000614166259766
0.029999494552612305
0.03200888633728027
0.030999183654785156
0.03299522399902344
0.03099846839904785
0.031999826431274414
0.03299999237060547
0.032998085021972656
0.03200173377990723
0.0339970588684082
0.02899956703186035
0.03099799156188965
0.030999422073364258
0.033997535705566406
0.03100132942199707
0.032000064849853516
0.03699755668640137
0.0319981575012207
0.029998064041137695
0.031998634338378906
0.031002521514892578
0.04399847984313965
0.032997846603393555
0.05299973487854004
0.029996395111083984
0.0409998893737793
0.03199934959411621
0.0299990177154541
0.03099799156188965
0.030999422073364258
0.03199911117553711
0.029999256134033203
0.03099966049194336
0.029998779296875
0.03200173377990723
0.029997825622558594
0.028998613357543945
0.03099799156188965
0.029998779296875
0.032999515533447266
0.03299903869628906
0.03200030326843262
0.030998945236206055
0.03099846839904785
0.030999422073364258
0.030999183654785156
0.03300929069519043
0.030988454818725586
0.032001495361328125
0.03199887275695801
0.03300166130065918
0.03299903869628906
0.03299760818481445
0.031008005142211914
0.03199934959411621
0.03099966049194336
0.031998634338378906
0.03199911117553711
0.032000064849853516
0.029999494552612305
0.03200078010559082
0.031999826431274414
0.03299880027770996
0.03100419044494629
0.033000946044921875
0.031999826431274414
0.03299975395202637
0.03300046920776367
0.03699779510498047
0.030992746353149414
0.03199958801269531
0.031000375747680664
0.03299689292907715
0.028998851776123047
0.03199911117553711
0.03099966049194336
0.03199934959411621
0.0299985408782959
0.03099679946899414
0.030999183654785156
0.03399991989135742
0.03099989891052246
0.03300023078918457
0.031000137329101562
0.03199911117553711
0.031995296478271484
0.030998945236206055
0.03099966049194336
0.0319981575012207
0.030000925064086914
0.03200721740722656
0.03101205825805664
0.03399920463562012
0.031000137329101562
0.032999277114868164
0.03099989891052246
0.035001277923583984
0.04099917411804199
0.041999101638793945
0.031998634338378906
0.030998945236206055
0.029998302459716797
0.029999732971191406
0.029998779296875
0.031000137329101562
0.029999494552612305
0.0299985408782959
0.031000137329101562
0.0319981575012207
0.03399968147277832
0.032000064849853516
0.03199958801269531
0.030998706817626953
0.029999256134033203
0.029999256134033203
0.03200101852416992
0.029998779296875
0.03199958801269531
0.031000852584838867
0.034000396728515625
0.028998374938964844
0.0299990177154541
0.03199911117553711
0.03299975395202637
0.03199887275695801
0.03099822998046875
0.03300046920776367
0.03199911117553711
0.03099989891052246
0.02999711036682129
0.029000043869018555
0.03200030326843262
0.03199887275695801
0.03199934959411621
0.03199887275695801
0.03299975395202637
0.029999971389770508
0.032000064849853516
0.03299856185913086
0.03199958801269531
0.028998851776123047
0.0319972038269043
0.03299856185913086
0.030998945236206055
0.03099822998046875
0.03099799156188965
0.03299999237060547
0.03198981285095215
0.03199911117553711
0.03199958801269531
0.029999971389770508
0.03099989891052246
0.03000020980834961
0.030998706817626953
0.03199934959411621
0.03199911117553711
0.030998945236206055
0.03200078010559082
0.031998395919799805
0.03300118446350098
0.0319976806640625
0.03300189971923828
0.030997753143310547
0.03300142288208008
0.03199577331542969
0.03299903869628906
0.031998395919799805
0.030998945236206055
0.03099846839904785
0.03400015830993652
0.029997825622558594
0.03199911117553711
0.032000064849853516
0.03199958801269531
0.030998945236206055
0.03299856185913086
0.030998706817626953
0.032999277114868164
0.0319981575012207
0.031998395919799805
0.03099989891052246
0.032999277114868164
0.030999422073364258
0.03199958801269531
0.029999494552612305
0.030997753143310547
0.029998064041137695
0.03300046920776367
0.03099989891052246
0.032999277114868164
0.030001163482666016
0.03199934959411621
0.031000614166259766
0.03099846839904785
0.03099846839904785
0.033000946044921875
0.03099966049194336
0.03199911117553711
0.03199934959411621
0.03099822998046875
0.03200101852416992
0.03200030326843262
0.03298449516296387
0.032999277114868164
0.031000852584838867
0.032999277114868164
0.03300285339355469
0.031998395919799805
0.030999183654785156
0.03099799156188965
0.029998779296875
0.03299975395202637
0.030999183654785156
0.03200030326843262
0.03199934959411621
0.03499794006347656
0.033000946044921875
0.03299856185913086
0.030989646911621094
0.031000137329101562
0.029999971389770508
0.03400063514709473
0.031002044677734375
0.03299999237060547
0.03099822998046875
0.03299999237060547
0.030998945236206055
0.0319981575012207
0.030998706817626953
0.03200054168701172
0.03100109100341797
0.03399991989135742
0.03199958801269531
0.030999183654785156
0.03200078010559082
0.03199934959411621
0.031007766723632812
0.03199958801269531
0.03099966049194336
0.03400063514709473
0.031999826431274414
0.03600001335144043
0.0319979190826416
0.031999826431274414
0.030984878540039062
0.032001495361328125
0.030997037887573242
0.033002614974975586
0.03200101852416992
0.029985666275024414
0.03199911117553711
0.030998706817626953
0.030998945236206055
0.03199887275695801
0.03099846839904785
0.03199934959411621
0.03000044822692871
0.03299903869628906
0.031000137329101562
0.032999277114868164
0.030999422073364258
0.033998966217041016
0.030999422073364258
0.03300023078918457
0.029999971389770508
0.03299832344055176
0.03099989891052246
0.031998395919799805
0.0319974422454834
0.029998779296875
0.031000137329101562
0.03300023078918457
0.030998945236206055
0.03099846839904785
0.031000137329101562
0.03199934959411621
0.03100132942199707
0.032997846603393555
0.030998706817626953
0.03199887275695801
0.031000852584838867
0.029000282287597656
0.03099846839904785
0.03200078010559082
0.028998613357543945
0.031998634338378906
0.029999494552612305
0.03299856185913086
0.03199958801269531
0.031999826431274414
0.031999826431274414
0.030999183654785156
0.0299990177154541
0.032999515533447266
0.030999183654785156
0.031998395919799805
0.032000064849853516
0.032999515533447266
0.03099822998046875
0.03299975395202637
0.031001567840576172
0.03299760818481445
0.030999422073364258
0.03299832344055176
0.03099966049194336
0.031000614166259766
0.03199887275695801
0.052000999450683594
0.03399801254272461
0.03399181365966797
0.029999732971191406
0.031000137329101562
0.029998779296875
0.030999183654785156
0.031998634338378906
0.03200101852416992
0.030998706817626953
0.03299975395202637
0.029990673065185547
0.03200101852416992
0.0299985408782959
0.03200030326843262
0.03299856185913086
0.03099989891052246
0.03000497817993164
0.031998634338378906
0.03299999237060547
0.03199934959411621
0.03199958801269531
0.031998395919799805
0.0299990177154541
0.03299903869628906
0.03200054168701172
0.03200054168701172
0.031000137329101562
0.030998945236206055
0.031000137329101562
0.03399944305419922
0.030998706817626953
0.0299985408782959
0.030999183654785156
0.03200101852416992
0.030998706817626953
0.03099966049194336
0.032999515533447266
0.03599691390991211
0.03200125694274902
0.03300070762634277
0.03200101852416992
0.03199887275695801
0.031998634338378906
0.029998302459716797
0.031998634338378906
0.032999515533447266
0.030999422073364258
0.03199934959411621
0.032999515533447266
0.03399920463562012
0.0319981575012207
0.0319981575012207
0.032999515533447266
0.030994653701782227
0.03299736976623535
0.03299856185913086
0.03399968147277832
0.030999422073364258
0.03099966049194336
0.03199887275695801
0.03300070762634277
0.03300952911376953
0.03299117088317871
0.0319981575012207
0.03299832344055176
0.03201174736022949
0.03099846839904785
0.03099799156188965
0.03199911117553711
0.031012773513793945
0.03299856185913086
0.03199958801269531
0.031990766525268555
0.031995534896850586
0.03399968147277832
0.03299999237060547
0.03199934959411621
0.030992984771728516
0.031011581420898438
0.03299856185913086
0.03199958801269531
0.030998706817626953
0.031000137329101562
0.03299903869628906
0.03199934959411621
0.03200101852416992
0.03199911117553711
0.030999422073364258
0.03099799156188965
0.03199911117553711
0.03199934959411621
0.030999183654785156
0.028998613357543945
0.034002065658569336
0.03099656105041504
0.031000375747680664
0.03299975395202637
0.03399968147277832
0.03099846839904785
0.03300356864929199
0.030995845794677734
0.034000396728515625
0.03300118446350098
0.033998727798461914
0.03299903869628906
0.031998634338378906
0.02899932861328125
0.03199958801269531
0.0299990177154541
0.030999422073364258
0.02899909019470215
0.03099846839904785
0.031999826431274414
0.031998634338378906
0.03300023078918457
0.03299522399902344
0.029999256134033203
0.03300046920776367
0.032000064849853516
0.030997276306152344
0.030998945236206055
0.03199958801269531
0.030999183654785156
0.03201031684875488
0.03099989891052246
0.0330047607421875
0.02999567985534668
0.03199934959411621
0.03099966049194336
0.033998966217041016
0.03000020980834961
0.03300023078918457
0.03099966049194336
0.03300070762634277
0.02999734878540039
0.030000925064086914
0.030991077423095703
0.03299880027770996
0.03200078010559082
0.031998395919799805
0.030999422073364258
0.03200340270996094
0.030999183654785156
0.03300905227661133
0.030990123748779297
0.034012794494628906
0.03098583221435547
0.03199958801269531
0.03199911117553711
0.03298354148864746
0.03100109100341797
0.031999826431274414
0.031005144119262695
0.03299570083618164
0.030999183654785156
0.03200101852416992
0.030998945236206055
0.03299832344055176
0.031998634338378906
0.03199887275695801
0.0319974422454834
0.030998706817626953
0.03300046920776367
0.03299880027770996
0.03100109100341797
0.03199887275695801
0.03300046920776367
0.031998634338378906
0.03199911117553711
0.033998727798461914
0.029990434646606445
0.033010244369506836
0.030998945236206055
0.03399968147277832
0.029998779296875
0.030995607376098633
0.03199934959411621
0.031999826431274414
0.030998706817626953
0.031999826431274414
0.031002521514892578
0.03199958801269531
0.029996633529663086
0.03299713134765625
0.028998136520385742
0.029999732971191406
0.029998064041137695
0.030998945236206055
0.03296852111816406
0.03399991989135742
0.03199481964111328
0.03500699996948242
0.030998706817626953
0.03200078010559082
0.0319976806640625
0.03300166130065918
0.03299665451049805
0.031999826431274414
0.031998395919799805
0.03199887275695801
0.03199911117553711
0.0319979190826416
0.030997753143310547
0.030997753143310547
0.032999515533447266
0.0319974422454834
0.031998634338378906
0.032997846603393555
0.030983686447143555
0.032999277114868164
0.03199958801269531
0.030998945236206055
0.030998706817626953
0.03299903869628906
0.030999183654785156
0.03300023078918457
0.03299880027770996
0.03199911117553711
0.030992507934570312
0.0319974422454834
0.03199887275695801
0.03199934959411621
0.03299975395202637
0.030998706817626953
0.032000064849853516
0.032999277114868164
0.03199958801269531
0.03100132942199707
0.032999515533447266
0.03299975395202637
0.031000375747680664
0.031987905502319336
0.03200101852416992
0.03299760818481445
0.029999256134033203
0.03199911117553711
0.031000137329101562
0.03299832344055176
0.031000137329101562
0.0319979190826416
0.030005455017089844
0.0319979190826416
0.0299985408782959
0.03199911117553711
0.03099989891052246
0.03200197219848633
0.03199958801269531
0.031000375747680664
0.03099846839904785
0.03199958801269531
0.03099966049194336
0.033998966217041016
0.034006357192993164
0.036000967025756836
0.01900005340576172
