3.698082447052002
0.03899836540222168
0.03699851036071777
0.03698158264160156
0.03900027275085449
0.03800225257873535
0.03699922561645508
0.032996416091918945
0.031998395919799805
0.03299880027770996
0.031000614166259766
0.03200054168701172
0.0319972038269043
0.03100109100341797
0.030998706817626953
0.03299903869628906
0.02999711036682129
0.030996322631835938
0.028000354766845703
0.03100132942199707
0.029995203018188477
0.031996726989746094
0.030997037887573242
0.03299236297607422
0.0319979190826416
0.031006336212158203
0.03299736976623535
0.03199601173400879
0.029999732971191406
0.032999277114868164
0.030998945236206055
0.03099822998046875
0.029998779296875
0.03199887275695801
0.03198814392089844
0.03198528289794922
0.0320127010345459
0.03199911117553711
0.03299880027770996
0.0319981575012207
0.03200125694274902
0.031993865966796875
0.03299975395202637
0.033006906509399414
0.032993316650390625
0.03299999237060547
0.031999826431274414
0.03199648857116699
0.03099989891052246
0.03399968147277832
0.030998706817626953
0.031998634338378906
0.030988216400146484
0.03300023078918457
0.029987812042236328
0.03200697898864746
0.030980825424194336
0.03299856185913086
0.030955076217651367
0.032998085021972656
0.03301382064819336
0.03299689292907715
0.030998706817626953
0.03200030326843262
0.030999422073364258
0.03300952911376953
0.03198862075805664
0.03200054168701172
0.029998302459716797
0.02899765968322754
0.031003475189208984
0.03299760818481445
0.03099846839904785
0.03200125694274902
0.030996322631835938
0.03399944305419922
0.03199958801269531
0.03000187873840332
0.029997587203979492
0.032000064849853516
0.029999494552612305
0.03099966049194336
0.030000686645507812
0.030997276306152344
0.034000396728515625
0.031000137329101562
0.029997825622558594
0.031999826431274414
0.03199958801269531
0.030998706817626953
0.031000375747680664
0.029995203018188477
0.02899956703186035
0.03200054168701172
0.031000137329101562
0.03199315071105957
0.028998613357543945
0.030997276306152344
0.032001495361328125
0.032997846603393555
0.03100109100341797
0.030997514724731445
0.03099822998046875
0.03199887275695801
0.02899932861328125
0.031002044677734375
0.031996726989746094
0.030998706817626953
0.030998945236206055
0.031999826431274414
0.0299990177154541
0.030998706817626953
0.030002355575561523
0.03099679946899414
0.032998085021972656
0.03199934959411621
0.031000137329101562
0.0319979190826416
0.031000852584838867
0.029998064041137695
0.03099966049194336
0.0319976806640625
0.031003475189208984
0.03100109100341797
0.030996084213256836
0.030998945236206055
0.03999972343444824
0.03198599815368652
0.03199887275695801
0.059000492095947266
0.07200145721435547
0.031998634338378906
0.032004594802856445
0.03200101852416992
0.029998302459716797
0.03098750114440918
0.031001567840576172
0.03500103950500488
0.0319979190826416
0.03299856185913086
0.03199625015258789
0.032002925872802734
0.030995845794677734
0.029999494552612305
0.030999183654785156
0.030003070831298828
0.03199601173400879
0.03199958801269531
0.03200078010559082
0.03300142288208008
0.02999734878540039
0.029998302459716797
0.0299985408782959
0.03199911117553711
0.03096914291381836
0.03299975395202637
0.03200054168701172
0.03199625015258789
0.03199911117553711
0.031001806259155273
0.030997037887573242
0.03000044822692871
0.03199958801269531
0.033013105392456055
0.0339963436126709
0.030999422073364258
0.031000137329101562
0.029001951217651367
0.03200125694274902
0.03098773956298828
0.02999711036682129
0.03198719024658203
0.03299975395202637
0.03300023078918457
0.03099822998046875
0.0319979190826416
0.031998395919799805
0.030997753143310547
0.030997037887573242
0.03099822998046875
0.030998706817626953
0.03200054168701172
0.029999732971191406
0.031998634338378906
0.03400230407714844
0.031996726989746094
0.0319981575012207
0.031996726989746094
0.02999734878540039
0.03300023078918457
0.03099799156188965
0.03199887275695801
0.030998706817626953
0.03099989891052246
0.031996965408325195
0.0319979190826416
0.029996871948242188
0.03199934959411621
0.03199887275695801
0.03300356864929199
0.034995079040527344
0.03200268745422363
0.031012535095214844
0.03299880027770996
0.029997587203979492
0.030996084213256836
0.03199911117553711
0.032997846603393555
0.031003236770629883
0.030997514724731445
0.030996322631835938
0.03199911117553711
0.029999494552612305
0.0299985408782959
0.030998945236206055
0.03099966049194336
0.03199934959411621
0.03199887275695801
0.029997825622558594
0.03099989891052246
0.0299985408782959
0.03299903869628906
0.031998634338378906
0.03200221061706543
0.030997037887573242
0.03200173377990723
0.03099656105041504
0.03399920463562012
0.030986547470092773
0.03299999237060547
0.030999422073364258
0.03199601173400879
0.03199887275695801
0.03099989891052246
0.030000686645507812
0.03298473358154297
0.031001806259155273
0.032997846603393555
0.03198862075805664
0.031998634338378906
0.03200173377990723
0.030998945236206055
0.032998085021972656
0.03200101852416992
0.031000852584838867
0.030998706817626953
0.03099846839904785
0.03200078010559082
0.031000137329101562
0.03099799156188965
0.02899956703186035
0.03099989891052246
0.029998779296875
0.03200078010559082
0.0319972038269043
0.029999732971191406
0.030996084213256836
0.034002065658569336
0.032997846603393555
0.0319981575012207
0.03299975395202637
0.03200054168701172
0.03499937057495117
0.03299832344055176
0.034010887145996094
0.03499913215637207
0.030995845794677734
0.029998302459716797
0.03100109100341797
0.03299450874328613
0.029999971389770508
0.03099989891052246
0.0299985408782959
0.031998634338378906
0.030998945236206055
0.030999183654785156
0.029998779296875
0.03199911117553711
0.03099656105041504
0.03101062774658203
0.029999971389770508
0.031999826431274414
0.03100132942199707
0.031000852584838867
0.03000044822692871
0.03299832344055176
0.030996322631835938
0.030997514724731445
0.0299985408782959
0.031012535095214844
0.030988693237304688
0.03099989891052246
0.030999422073364258
0.0320127010345459
0.030998945236206055
0.03199958801269531
0.03200030326843262
0.0319974422454834
0.03099822998046875
0.03201007843017578
0.03098773956298828
0.03001093864440918
0.03099370002746582
0.03299880027770996
0.030996084213256836
0.03200125694274902
0.030995845794677734
0.03299856185913086
0.0319979190826416
0.03199577331542969
0.030997514724731445
0.03199911117553711
0.03099989891052246
0.0319974422454834
0.031002044677734375
0.030997753143310547
0.028998136520385742
0.030000686645507812
0.029997587203979492
0.0319976806640625
0.031001806259155273
0.032999515533447266
0.030998706817626953
0.03299903869628906
0.032998085021972656
0.031998634338378906
0.05200362205505371
0.0379948616027832
0.037001609802246094
0.032004594802856445
0.0339970588684082
0.03300809860229492
0.031003713607788086
0.031990766525268555
0.030999183654785156
0.03199934959411621
0.03099989891052246
0.03099822998046875
0.032999515533447266
0.029998302459716797
0.03199934959411621
0.03099966049194336
0.03099846839904785
0.03099656105041504
0.03200221061706543
0.029998302459716797
0.03199887275695801
0.031999826431274414
0.0319972038269043
0.03099989891052246
0.03301095962524414
0.031987905502319336
0.031002283096313477
0.030995845794677734
0.030996322631835938
0.030997276306152344
0.03199911117553711
0.030999422073364258
0.03299975395202637
0.03099966049194336
0.030999183654785156
0.0299985408782959
0.029997587203979492
0.031999826431274414
0.03298807144165039
0.030999183654785156
0.03199887275695801
0.033002376556396484
0.0330047607421875
0.030999422073364258
0.0319981575012207
0.03000020980834961
0.03199934959411621
0.030998945236206055
0.031998634338378906
0.03099989891052246
0.03498387336730957
0.03300189971923828
0.03300976753234863
0.031998395919799805
0.03201103210449219
0.02899789810180664
0.029999732971191406
0.029999494552612305
0.03100109100341797
0.03100109100341797
0.03300762176513672
0.03199195861816406
0.03099989891052246
0.031000375747680664
0.03300023078918457
0.030997514724731445
0.0319976806640625
0.0299990177154541
0.032997846603393555
0.03200507164001465
0.03199934959411621
0.031001806259155273
0.03399991989135742
0.03099846839904785
0.030997276306152344
0.03400111198425293
0.030995607376098633
0.03299856185913086
0.03199911117553711
0.03099799156188965
0.030998706817626953
0.029000043869018555
0.03300189971923828
0.03299713134765625
0.030994653701782227
0.03199911117553711
0.03200101852416992
0.03200125694274902
0.02999734878540039
0.03199625015258789
0.0319976806640625
0.03299880027770996
0.031012535095214844
0.030998706817626953
0.032997846603393555
0.03199958801269531
0.03199911117553711
0.030997753143310547
0.0319981575012207
0.03300142288208008
0.03301191329956055
0.03198599815368652
0.03399944305419922
0.03199958801269531
0.032000064849853516
0.03199934959411621
0.0319979190826416
0.03299880027770996
0.03200101852416992
0.03299999237060547
0.032999277114868164
0.03099966049194336
0.03099822998046875
0.029997587203979492
0.031000137329101562
0.0299990177154541
0.03300118446350098
0.03600001335144043
0.03399801254272461
0.033998966217041016
0.032997846603393555
0.03300023078918457
0.0339968204498291
0.03299856185913086
0.03200030326843262
0.029999494552612305
0.031000614166259766
0.028997182846069336
0.03200078010559082
0.030999183654785156
0.032000064849853516
0.03199958801269531
0.030997753143310547
0.03200101852416992
0.03299665451049805
0.03200101852416992
0.03099822998046875
0.0319979190826416
0.03199911117553711
0.030998945236206055
0.03199958801269531
0.03300023078918457
0.031002283096313477
0.030993938446044922
0.032999277114868164
0.031003236770629883
0.0320124626159668
0.03199648857116699
0.032000064849853516
0.0319979190826416
0.03299999237060547
0.03099846839904785
0.03199195861816406
0.032000064849853516
0.0319972038269043
0.030996084213256836
0.029998779296875
0.030002832412719727
0.031996965408325195
0.029997587203979492
0.03099799156188965
0.029998779296875
0.03199911117553711
0.029999494552612305
0.03298687934875488
0.029998302459716797
0.032012224197387695
0.03099966049194336
0.03200078010559082
0.03299760818481445
0.03299832344055176
0.03400087356567383
0.03198575973510742
0.030000925064086914
0.032001495361328125
0.02900242805480957
0.03199934959411621
0.03199887275695801
0.03299903869628906
0.032999515533447266
0.031998634338378906
0.031000852584838867
0.031996965408325195
0.03099822998046875
0.03099536895751953
0.03099966049194336
0.030998945236206055
0.028997182846069336
0.03199911117553711
0.030999422073364258
0.03200483322143555
0.030998706817626953
0.031992435455322266
0.031998634338378906
0.0299985408782959
0.0319976806640625
0.031998634338378906
0.031011581420898438
0.032000064849853516
0.033005714416503906
0.033000946044921875
0.030997514724731445
0.0319981575012207
0.031000375747680664
0.0509953498840332
0.03199958801269531
0.0319979190826416
0.031000137329101562
0.02899909019470215
0.029999256134033203
0.030000925064086914
0.03199362754821777
0.031000614166259766
0.0319976806640625
0.03299880027770996
0.032006263732910156
0.03200507164001465
0.03003692626953125
0.03200054168701172
0.03200578689575195
0.03298330307006836
0.03099822998046875
0.03000020980834961
0.033013105392456055
0.031000852584838867
0.03299856185913086
0.02999138832092285
0.031986236572265625
0.031996726989746094
0.03199934959411621
0.030997037887573242
0.033000946044921875
0.01599860191345215
0.03299856185913086
0.032997846603393555
0.029999732971191406
0.030998706817626953
0.03099989891052246
0.03299975395202637
0.030998706817626953
0.032004356384277344
0.03300976753234863
0.031999826431274414
0.030999183654785156
0.03300070762634277
0.030012845993041992
0.031998395919799805
0.02901434898376465
0.030999183654785156
0.03199887275695801
0.03299856185913086
0.030997276306152344
0.03199148178100586
0.0319974422454834
0.03399944305419922
0.031999826431274414
0.03099799156188965
0.032000064849853516
0.032996177673339844
0.030999183654785156
0.03199577331542969
0.0319976806640625
0.03299999237060547
0.030998945236206055
0.031998634338378906
0.03099989891052246
0.03200697898864746
0.029990673065185547
0.03300762176513672
0.030997514724731445
0.032997846603393555
0.029998064041137695
0.03298687934875488
0.03100442886352539
0.0319974422454834
0.030987977981567383
0.031996726989746094
0.031000137329101562
0.032012224197387695
0.031010150909423828
0.03300142288208008
0.031998634338378906
0.03200101852416992
0.032998085021972656
0.03300189971923828
0.03100728988647461
0.03199958801269531
0.03300070762634277
0.03399968147277832
0.030997753143310547
0.029999732971191406
0.03200197219848633
0.03199291229248047
0.030997753143310547
0.0319972038269043
0.03300023078918457
0.03399920463562012
0.03098440170288086
0.031998395919799805
0.0320127010345459
0.03400063514709473
0.03099966049194336
0.032000064849853516
0.03199577331542969
0.030998945236206055
0.0319979190826416
0.03300285339355469
0.029996633529663086
0.030997753143310547
0.03100109100341797
0.030997753143310547
0.029998064041137695
0.03200101852416992
0.031003713607788086
0.03199291229248047
0.030999183654785156
0.03099989891052246
0.03399991989135742
0.03200030326843262
0.0319981575012207
0.03299999237060547
0.03099966049194336
0.03300142288208008
0.0319981575012207
0.032999277114868164
0.02899622917175293
0.032997846603393555
0.029997825622558594
0.03299832344055176
0.030999422073364258
0.03299760818481445
0.029998779296875
0.030991077423095703
0.03200030326843262
0.0319976806640625
0.029030323028564453
0.030998945236206055
0.030998945236206055
0.03199601173400879
0.031000137329101562
0.03100109100341797
0.030998706817626953
0.032998085021972656
0.030000686645507812
0.032999515533447266
0.03200221061706543
0.03400015830993652
0.03399777412414551
0.031993865966796875
0.031003952026367188
0.03400015830993652
0.029999732971191406
0.033983469009399414
0.03199887275695801
0.032006263732910156
0.030999183654785156
0.03200030326843262
0.031996965408325195
0.03200125694274902
0.03299975395202637
0.031999826431274414
0.030998945236206055
0.0319976806640625
0.03299880027770996
0.03200054168701172
0.032011985778808594
0.03500056266784668
0.03299832344055176
0.031998395919799805
0.030000925064086914
0.031000852584838867
0.029998302459716797
0.02999591827392578
0.030000925064086914
0.032000064849853516
0.030999422073364258
0.03099989891052246
0.028998374938964844
0.03099966049194336
0.029999732971191406
0.02899765968322754
0.030997514724731445
0.030997276306152344
0.029997825622558594
0.031999826431274414
0.031998395919799805
0.032998085021972656
0.03000044822692871
0.03400135040283203
0.030998945236206055
0.03099822998046875
0.029000520706176758
0.03400301933288574
0.03099203109741211
0.03199887275695801
0.029998779296875
0.03299713134765625
0.03100132942199707
0.03200054168701172
0.030997753143310547
0.036011457443237305
0.030986547470092773
0.03200268745422363
0.03199934959411621
0.03200197219848633
0.030996322631835938
0.0319974422454834
0.03200173377990723
0.031996726989746094
0.0299985408782959
0.0299990177154541
0.03199934959411621
0.03199958801269531
0.029999256134033203
0.03200078010559082
0.032000064849853516
0.03100109100341797
0.03099989891052246
0.033005475997924805
0.030999422073364258
0.031998634338378906
0.03399848937988281
0.03200197219848633
0.031000375747680664
0.03200030326843262
0.032012224197387695
0.03200101852416992
0.031999826431274414
0.032000064849853516
0.03299450874328613
0.03299975395202637
0.03299832344055176
0.031000614166259766
0.031009435653686523
0.03200244903564453
0.032997846603393555
0.030986547470092773
0.03199887275695801
0.03299975395202637
0.03300023078918457
0.033000946044921875
0.03198719024658203
0.031989097595214844
0.031996965408325195
0.031999826431274414
0.030997753143310547
0.03099989891052246
0.03299856185913086
0.03299999237060547
0.030999422073364258
0.032010793685913086
0.031987905502319336
0.03299975395202637
0.03099679946899414
0.03300070762634277
0.0319974422454834
0.03199911117553711
0.029998064041137695
0.03299832344055176
0.029999494552612305
0.031996726989746094
0.030998706817626953
0.0330047607421875
0.03099536895751953
0.029998302459716797
0.030999183654785156
0.0560002326965332
0.05199909210205078
0.031000614166259766
0.030996084213256836
0.030995845794677734
0.030997753143310547
0.031000137329101562
0.030999422073364258
0.03199362754821777
0.0299985408782959
0.03299832344055176
0.03099966049194336
0.03299975395202637
0.03299975395202637
0.031998634338378906
0.031001567840576172
0.032971858978271484
0.030998706817626953
0.033998727798461914
0.032999277114868164
0.03299379348754883
0.032993316650390625
0.03199648857116699
0.031009197235107422
0.03400254249572754
0.030997037887573242
0.03200125694274902
0.0319974422454834
0.03300023078918457
0.03199934959411621
0.03299832344055176
0.031000137329101562
0.031999826431274414
0.03200030326843262
0.03300046920776367
0.033002376556396484
0.03200244903564453
0.032982826232910156
0.03400015830993652
0.03099846839904785
0.03299999237060547
0.029998302459716797
0.03200030326843262
0.029999971389770508
0.03099846839904785
0.03299880027770996
0.029994487762451172
0.03300046920776367
0.0329892635345459
0.03199911117553711
0.030005455017089844
0.0319976806640625
0.033998727798461914
0.031000614166259766
0.03199911117553711
0.031008481979370117
0.031000614166259766
0.030999422073364258
0.03299903869628906
0.03199934959411621
0.032999277114868164
0.028999805450439453
0.03299546241760254
0.032013654708862305
0.03299832344055176
0.030998945236206055
0.03499960899353027
0.03099989891052246
0.03400015830993652
0.032000064849853516
0.03301072120666504
0.031000375747680664
0.03299856185913086
0.031000137329101562
0.03099799156188965
0.029998779296875
0.031000852584838867
0.031996965408325195
0.028998851776123047
0.030999183654785156
0.03299975395202637
0.03300023078918457
0.0319972038269043
0.031010150909423828
0.03299999237060547
0.030997753143310547
0.029994726181030273
0.03099966049194336
0.033000946044921875
0.030998706817626953
0.03399991989135742
0.03001093864440918
0.03199958801269531
0.030998706817626953
0.03299903869628906
0.03200030326843262
0.0319972038269043
0.03200054168701172
0.031998634338378906
0.030999422073364258
0.03300023078918457
0.031000137329101562
0.03200125694274902
0.031012535095214844
0.03100419044494629
0.031996726989746094
0.03300070762634277
0.029999494552612305
0.031000375747680664
0.030998945236206055
0.03300046920776367
0.031998634338378906
0.03300070762634277
0.0319981575012207
0.03299736976623535
0.03201127052307129
0.03300070762634277
0.031998395919799805
0.0319981575012207
0.03100275993347168
0.0319981575012207
0.031000137329101562
0.0319981575012207
0.030007362365722656
0.032997846603393555
0.030004024505615234
0.033011436462402344
0.03198885917663574
0.03199934959411621
0.03099846839904785
0.03300786018371582
0.03199911117553711
0.031998634338378906
0.03199911117553711
0.03099966049194336
0.030000925064086914
0.03200340270996094
0.031995534896850586
0.033004045486450195
0.03199625015258789
0.030998706817626953
0.03199648857116699
0.0319981575012207
0.030998945236206055
0.03199958801269531
0.03200030326843262
0.03300833702087402
0.03299069404602051
0.03200173377990723
0.030998706817626953
0.030997753143310547
0.02999401092529297
0.03200173377990723
0.031000137329101562
0.03297019004821777
0.031023263931274414
0.03296828269958496
0.0319976806640625
0.03400015830993652
0.03103327751159668
0.032027244567871094
0.031024932861328125
0.03200531005859375
0.030015230178833008
0.03200221061706543
0.03199887275695801
0.03200078010559082
0.0299680233001709
0.03196883201599121
0.031014204025268555
0.03097248077392578
0.03199934959411621
0.03199887275695801
0.03199887275695801
0.03300023078918457
0.03099799156188965
0.03298783302307129
0.032013654708862305
0.030000686645507812
0.030996322631835938
0.034000396728515625
0.031998634338378906
0.03301191329956055
0.030986309051513672
0.03300905227661133
0.030998706817626953
0.029997825622558594
0.0319972038269043
0.03198552131652832
0.03199934959411621
0.03300118446350098
0.030999422073364258
0.034000396728515625
0.031004905700683594
0.03099822998046875
0.03198814392089844
0.03200030326843262
0.03199911117553711
0.030997514724731445
0.031999826431274414
0.03400158882141113
0.0319979190826416
0.03300070762634277
0.031006574630737305
0.032999515533447266
0.03199887275695801
0.032997846603393555
0.030999183654785156
0.031999826431274414
0.031998395919799805
0.0299985408782959
0.03000044822692871
0.032988548278808594
0.0299985408782959
0.03299903869628906
0.029998779296875
0.03299117088317871
0.03200101852416992
0.03300023078918457
0.030998945236206055
0.03398871421813965
0.031003952026367188
0.03399991989135742
0.033002614974975586
0.0319981575012207
0.033007144927978516
0.03299999237060547
0.031999826431274414
0.031000375747680664
0.031012296676635742
0.03200054168701172
0.03298497200012207
0.032999277114868164
0.03099966049194336
0.03300762176513672
0.030990123748779297
0.03200840950012207
0.03200173377990723
0.0339963436126709
0.03200101852416992
0.03299975395202637
0.03299975395202637
0.03299975395202637
0.031998634338378906
0.03299880027770996
0.03201460838317871
0.03399801254272461
0.030997514724731445
0.03198838233947754
0.031998395919799805
0.035001277923583984
0.030998706817626953
0.03300595283508301
0.029994726181030273
0.03199958801269531
0.031984806060791016
0.03099966049194336
0.03099656105041504
0.03200340270996094
0.032994985580444336
0.03200578689575195
0.03199172019958496
0.030999183654785156
0.03299283981323242
0.03200030326843262
0.03101205825805664
0.030997514724731445
0.031004667282104492
0.0299985408782959
0.03099799156188965
0.03100275993347168
0.03098917007446289
0.03200197219848633
0.029998779296875
0.029996156692504883
0.03200125694274902
0.029998302459716797
0.030997753143310547
0.03098750114440918
0.028998613357543945
0.03299760818481445
0.02899909019470215
0.032999277114868164
0.03202652931213379
0.03405189514160156
0.031957149505615234
0.03295135498046875
0.029999256134033203
0.03300070762634277
0.03099966049194336
0.031000375747680664
0.03599810600280762
0.03399920463562012
0.03200054168701172
0.031996965408325195
0.0319981575012207
0.03400015830993652
0.03099966049194336
0.0319981575012207
0.03100109100341797
0.02999711036682129
0.030999422073364258
0.032007455825805664
0.03200030326843262
0.03200125694274902
0.030994415283203125
0.03300189971923828
0.031998395919799805
0.031003236770629883
0.0319974422454834
0.03199958801269531
0.03300046920776367
0.03298687934875488
0.0319976806640625
0.031001567840576172
0.03200101852416992
0.03199887275695801
0.032000064849853516
0.033000946044921875
0.03199887275695801
0.03200268745422363
0.03199911117553711
0.03200125694274902
0.0319976806640625
0.029999494552612305
0.015000581741333008
0.03299665451049805
0.0319979190826416
0.029999971389770508
0.03300762176513672
0.03198862075805664
0.03499245643615723
0.03600025177001953
0.03399968147277832
0.03199958801269531
0.03199434280395508
0.03200125694274902
0.03400015830993652
0.035002708435058594
0.03899979591369629
0.03400015830993652
0.030998945236206055
0.031002044677734375
0.029998302459716797
0.030999183654785156
0.031999826431274414
0.03099679946899414
0.028998613357543945
0.03099989891052246
0.030998706817626953
0.0319979190826416
0.030998945236206055
0.03200030326843262
0.028996706008911133
0.03199958801269531
0.031002521514892578
0.03200197219848633
0.02899932861328125
0.03200054168701172
0.030997037887573242
0.030997753143310547
0.030000686645507812
0.03099846839904785
0.03200101852416992
0.03499865531921387
0.031000375747680664
0.03199911117553711
0.030988693237304688
0.030997037887573242
0.031000375747680664
0.031003236770629883
0.0319981575012207
0.03299856185913086
0.03000187873840332
0.03200078010559082
0.031000375747680664
0.031002521514892578
0.03199601173400879
0.03199601173400879
0.03200197219848633
0.031996965408325195
0.02899646759033203
0.03199958801269531
0.03500103950500488
0.032997846603393555
0.03299593925476074
0.03200078010559082
0.032996177673339844
0.031999826431274414
0.032000064849853516
0.032001495361328125
0.031000137329101562
0.03101205825805664
0.03200054168701172
0.03199958801269531
0.03199934959411621
0.03199887275695801
0.031999826431274414
0.03299546241760254
0.03199625015258789
0.03300881385803223
0.032989501953125
0.032997846603393555
0.03199887275695801
0.03299832344055176
0.032000064849853516
0.03299856185913086
0.030998945236206055
0.029998064041137695
0.030994176864624023
0.03299903869628906
0.03199577331542969
0.032000064849853516
0.03299856185913086
0.03200125694274902
0.03199648857116699
0.03200054168701172
0.03099656105041504
0.03099536895751953
0.031996726989746094
0.030995845794677734
0.03200101852416992
0.03099989891052246
0.03199887275695801
0.03299736976623535
0.031998634338378906
0.032999277114868164
0.03099846839904785
0.03299880027770996
0.03200101852416992
0.031998395919799805
0.029998064041137695
0.03198885917663574
0.031999826431274414
0.031000375747680664
0.03000187873840332
0.030998706817626953
0.029999494552612305
0.03200030326843262
0.031998395919799805
0.030993223190307617
0.030997037887573242
0.029999256134033203
0.03200125694274902
0.03200030326843262
0.031008005142211914
0.03199934959411621
0.03200078010559082
0.0319974422454834
0.031000614166259766
0.032010555267333984
0.03200054168701172
0.031998395919799805
0.030998945236206055
0.03300285339355469
0.0339970588684082
0.030998706817626953
0.03200125694274902
0.03300023078918457
0.03199934959411621
0.030994415283203125
0.03299999237060547
0.031002283096313477
0.030999183654785156
0.03199934959411621
0.033000946044921875
0.034998178482055664
0.0319976806640625
0.030999422073364258
0.03299975395202637
0.0320127010345459
0.03199887275695801
0.03300142288208008
0.030997276306152344
0.030999422073364258
0.03200268745422363
0.03300142288208008
0.030999183654785156
0.03099822998046875
0.029996156692504883
0.032998085021972656
0.03299736976623535
0.03299736976623535
0.03300118446350098
0.03299975395202637
0.032000064849853516
0.033998727798461914
0.03200030326843262
0.03200125694274902
0.03299713134765625
0.03200030326843262
0.031995296478271484
0.03399658203125
0.03299832344055176
0.032004594802856445
0.030999183654785156
0.03300023078918457
0.03101181983947754
0.031000137329101562
0.03099799156188965
0.030997514724731445
0.03300046920776367
0.02999711036682129
0.0319981575012207
0.031999826431274414
0.030996084213256836
0.030997276306152344
0.031999826431274414
0.03400111198425293
0.031998395919799805
0.03299903869628906
0.031996965408325195
0.03299665451049805
0.029000043869018555
0.0319974422454834
0.029999971389770508
0.031000375747680664
0.030996322631835938
0.030987977981567383
0.029998779296875
0.02999734878540039
0.0319976806640625
0.0359950065612793
0.0339970588684082
0.031998634338378906
0.029000282287597656
0.03200173377990723
0.03199887275695801
0.030999183654785156
0.029999971389770508
0.030002117156982422
0.029997825622558594
0.029999494552612305
0.03299903869628906
0.03299665451049805
0.03299832344055176
0.03200125694274902
0.0319972038269043
0.03300070762634277
0.031996726989746094
0.03199601173400879
0.03299880027770996
0.031009197235107422
0.03098607063293457
0.03199887275695801
0.033002614974975586
0.03299903869628906
0.031000137329101562
0.03199887275695801
0.03200340270996094
0.03299736976623535
0.031999826431274414
0.03299880027770996
0.03200030326843262
0.032999277114868164
0.0299985408782959
0.04799938201904297
0.028996944427490234
0.03199172019958496
0.03299760818481445
0.03099822998046875
0.029998064041137695
0.031998634338378906
0.03199958801269531
0.031000137329101562
0.030999422073364258
0.031000375747680664
0.031015396118164062
0.03296470642089844
0.03099656105041504
0.03199911117553711
0.03099656105041504
0.03299975395202637
0.030992507934570312
0.031998634338378906
0.03199911117553711
0.03399944305419922
0.03200078010559082
0.03199958801269531
0.03200030326843262
0.03299975395202637
0.03099989891052246
0.031999826431274414
0.032000064849853516
0.03199911117553711
0.02999591827392578
0.03200125694274902
0.03099989891052246
0.03299880027770996
0.033000946044921875
0.03099822998046875
0.030998706817626953
0.03399991989135742
0.03200864791870117
0.033986568450927734
0.03099822998046875
0.032990455627441406
0.0320134162902832
0.032007694244384766
0.031000852584838867
0.045000553131103516
0.06399965286254883
0.0339968204498291
0.03299689292907715
0.03200054168701172
0.030998706817626953
0.031001567840576172
0.03099966049194336
0.03199934959411621
0.031000137329101562
0.03200054168701172
0.031000614166259766
0.03200101852416992
0.029999494552612305
0.030997753143310547
0.0299985408782959
0.03199887275695801
0.032999515533447266
0.03301286697387695
0.03298592567443848
0.030997753143310547
0.03099846839904785
0.031998634338378906
0.03200078010559082
0.03099846839904785
0.032000064849853516
0.031987667083740234
0.03300023078918457
0.031998634338378906
0.0319979190826416
0.033997535705566406
0.030014991760253906
0.03298497200012207
0.03200173377990723
0.032994985580444336
0.03199958801269531
0.03301501274108887
0.032999515533447266
0.032991886138916016
0.030997276306152344
0.03099799156188965
0.029999971389770508
0.03298377990722656
0.03100109100341797
0.03199887275695801
0.03099989891052246
0.03299856185913086
0.031010150909423828
0.03299546241760254
0.03300189971923828
0.032999515533447266
0.03200650215148926
0.03299999237060547
0.031999826431274414
0.03399825096130371
0.0320124626159668
0.03200054168701172
0.030999183654785156
0.031999826431274414
0.031014204025268555
0.03200101852416992
0.03199911117553711
0.030988454818725586
0.03199887275695801
0.03400087356567383
0.0310361385345459
0.0329890251159668
0.028998374938964844
0.03194880485534668
0.032030344009399414
0.032004356384277344
0.03200531005859375
0.03299689292907715
0.0329737663269043
0.032011985778808594
0.03298544883728027
0.032999277114868164
0.03000187873840332
0.0339970588684082
0.03299999237060547
0.031999826431274414
0.03099966049194336
0.03300023078918457
0.031000137329101562
0.030987024307250977
0.03399968147277832
0.03299903869628906
0.03399944305419922
0.03199601173400879
0.0319974422454834
0.034002065658569336
0.0319981575012207
0.03099513053894043
0.03199911117553711
0.031000852584838867
0.031972646713256836
0.031998395919799805
0.03299975395202637
0.032010555267333984
0.031998395919799805
0.03299903869628906
0.0319981575012207
0.029999256134033203
0.030983686447143555
0.03300070762634277
0.031998395919799805
0.03399944305419922
0.03300046920776367
0.03299975395202637
0.031996726989746094
0.03199434280395508
0.029999732971191406
0.031999826431274414
0.032999515533447266
0.0319972038269043
0.02999711036682129
0.030998945236206055
0.031007051467895508
0.032998085021972656
0.031006813049316406
0.03199934959411621
0.03399372100830078
0.029988527297973633
0.03299832344055176
0.030000925064086914
0.0319979190826416
0.03200078010559082
0.03299832344055176
0.03100132942199707
0.0319981575012207
0.03098750114440918
0.03099822998046875
0.0319976806640625
0.029996395111083984
0.03199934959411621
0.03200054168701172
0.031998634338378906
0.030999183654785156
0.031998395919799805
0.031000852584838867
0.03099989891052246
0.030998706817626953
0.031008243560791016
0.031992435455322266
0.031998634338378906
0.033002376556396484
0.030000925064086914
0.03099799156188965
0.03200244903564453
0.03099799156188965
0.03398847579956055
0.029999256134033203
0.03099822998046875
0.03300023078918457
0.029998064041137695
0.030999183654785156
0.02999567985534668
0.03100109100341797
0.03099822998046875
0.0299985408782959
0.03099822998046875
0.03400063514709473
0.031001567840576172
0.03400111198425293
0.031998395919799805
0.030000925064086914
0.030002593994140625
0.03198409080505371
0.0319974422454834
0.030994892120361328
0.03299903869628906
0.03099679946899414
0.029998064041137695
0.030996084213256836
0.030999183654785156
0.03000020980834961
0.030999422073364258
0.030013084411621094
0.031995534896850586
0.032000064849853516
0.03200984001159668
0.030985116958618164
0.03201103210449219
0.0319981575012207
0.03200125694274902
0.031000375747680664
0.03199934959411621
0.03200078010559082
0.032001495361328125
0.030997753143310547
0.032001495361328125
0.031000137329101562
0.03199887275695801
0.02999591827392578
0.031996965408325195
0.029996871948242188
0.030998706817626953
0.03000020980834961
0.030999183654785156
0.03198504447937012
0.030999422073364258
0.03200054168701172
0.030996322631835938
0.029997587203979492
0.03199911117553711
0.030998945236206055
0.0319981575012207
0.03199934959411621
0.031000375747680664
0.031000375747680664
0.03098297119140625
0.033997297286987305
0.0319976806640625
0.030999422073364258
0.031009435653686523
0.03198742866516113
0.03200030326843262
0.032000064849853516
0.032000064849853516
0.03399658203125
0.03299975395202637
0.031998395919799805
0.03099966049194336
0.031005382537841797
0.03300118446350098
0.030997276306152344
0.030997514724731445
0.031996726989746094
0.032013893127441406
0.03299832344055176
0.03199887275695801
0.029999971389770508
0.03299832344055176
0.0319981575012207
0.03400611877441406
0.03099370002746582
0.06100177764892578
0.029999494552612305
0.044997215270996094
0.029998302459716797
0.031000137329101562
0.032001495361328125
0.030003070831298828
0.034008026123046875
0.02898883819580078
0.03199958801269531
0.03003549575805664
0.031001806259155273
0.0299985408782959
0.0319981575012207
0.03099966049194336
0.03400087356567383
0.030999422073364258
0.032015085220336914
0.03298449516296387
0.03299975395202637
0.031000614166259766
0.03399968147277832
0.03099846839904785
0.03299832344055176
0.03099846839904785
0.0339815616607666
0.03200101852416992
0.031999826431274414
0.03101372718811035
0.03201413154602051
0.03000664710998535
0.030999422073364258
0.03199887275695801
0.031998395919799805
0.032000064849853516
0.03299903869628906
0.029991865158081055
0.031998634338378906
0.03099656105041504
0.032999277114868164
0.03200078010559082
0.03299427032470703
0.032006025314331055
0.031998634338378906
0.030998945236206055
0.03299999237060547
0.03300070762634277
0.030997753143310547
0.013998985290527344
0.03699755668640137
0.038999319076538086
0.03499937057495117
0.03199958801269531
0.03199911117553711
0.032998085021972656
0.031003952026367188
0.030999422073364258
0.030998945236206055
0.03300023078918457
0.031009197235107422
0.031998395919799805
0.029999732971191406
0.03199934959411621
0.029999256134033203
0.03101181983947754
0.03199887275695801
0.03200125694274902
0.029998779296875
0.03199934959411621
0.030997514724731445
0.030998706817626953
0.030989885330200195
0.031999826431274414
0.03000164031982422
0.031998395919799805
0.03099846839904785
0.03199958801269531
0.031000375747680664
0.03100132942199707
0.031000852584838867
0.036995887756347656
0.0299985408782959
0.03699946403503418
0.0299985408782959
0.03199887275695801
0.02998638153076172
0.030999422073364258
0.031014680862426758
0.030999422073364258
0.029999256134033203
0.031000614166259766
0.03099846839904785
0.0319981575012207
0.029000282287597656
0.032000064849853516
0.03199911117553711
0.031996965408325195
0.030999422073364258
0.05500006675720215
0.032997846603393555
0.03099846839904785
0.030997514724731445
0.0299990177154541
0.03099966049194336
0.032010793685913086
0.031003952026367188
0.030998945236206055
0.03200030326843262
0.03100109100341797
0.03199887275695801
0.03299903869628906
0.03099846839904785
0.0299990177154541
0.028996944427490234
0.031000375747680664
0.03300309181213379
0.030005216598510742
0.03299856185913086
0.030998706817626953
0.03300046920776367
0.032000064849853516
0.031999826431274414
0.03199887275695801
0.03199887275695801
0.029999971389770508
0.03099846839904785
0.030999422073364258
0.03300070762634277
0.030997753143310547
0.0319981575012207
0.030999422073364258
0.03299760818481445
0.0299990177154541
0.03299880027770996
0.03000330924987793
0.03400135040283203
0.03199958801269531
0.03200888633728027
0.030997753143310547
0.03299069404602051
0.03099846839904785
0.03301501274108887
0.03199625015258789
0.03301119804382324
0.030987024307250977
0.03299999237060547
0.030998945236206055
0.03200221061706543
0.030983924865722656
0.03099966049194336
0.03298807144165039
0.03300929069519043
0.030001401901245117
0.033998727798461914
0.03098917007446289
0.03197765350341797
0.0319976806640625
0.031996726989746094
0.0299990177154541
0.031998395919799805
0.030998945236206055
0.03199958801269531
0.029000043869018555
0.03200101852416992
0.030997753143310547
0.03200674057006836
0.031998395919799805
0.03298544883728027
0.03200030326843262
0.03299522399902344
0.031000137329101562
0.031998634338378906
0.031002044677734375
0.03301429748535156
0.03099679946899414
0.032001495361328125
0.031996965408325195
0.03199911117553711
0.03199577331542969
0.032991886138916016
0.030996084213256836
0.03399181365966797
0.03099846839904785
0.0310060977935791
0.03199648857116699
0.031998395919799805
0.03199958801269531
0.030999183654785156
0.03200030326843262
0.03099679946899414
0.030999183654785156
0.03399944305419922
0.029999494552612305
0.032019853591918945
0.03299832344055176
0.03299832344055176
0.032015085220336914
0.03400087356567383
0.02999567985534668
0.03499960899353027
0.0319976806640625
0.032999277114868164
0.030998945236206055
0.032999515533447266
0.029996395111083984
0.032000064849853516
0.03099846839904785
0.033002614974975586
0.03199648857116699
0.031002283096313477
0.03198528289794922
0.03199934959411621
0.0299990177154541
0.030985355377197266
0.03199934959411621
0.032999277114868164
0.030999422073364258
0.03199911117553711
0.031012535095214844
0.03299880027770996
0.031999826431274414
0.03399968147277832
0.03099966049194336
0.032999277114868164
0.031999826431274414
0.03099799156188965
0.030997753143310547
0.03299880027770996
0.03101038932800293
0.03299760818481445
0.0299990177154541
0.03399944305419922
0.03099846839904785
0.03299880027770996
0.031013011932373047
0.03198981285095215
0.03098773956298828
0.032988548278808594
0.029000282287597656
0.0319976806640625
0.030994415283203125
0.03199958801269531
0.03199958801269531
0.03100109100341797
0.029999256134033203
0.030998706817626953
0.029999971389770508
0.032000064849853516
0.030998945236206055
0.03300046920776367
0.030998706817626953
0.03399920463562012
0.03000020980834961
0.03200030326843262
0.030998945236206055
0.03200864791870117
0.029996871948242188
0.03400158882141113
0.0319976806640625
0.03201174736022949
0.031998395919799805
0.032985687255859375
0.031995534896850586
0.03400230407714844
0.031996965408325195
0.03200030326843262
0.030998945236206055
0.031998634338378906
0.032007694244384766
0.03199887275695801
0.0319974422454834
0.03200173377990723
0.0319972038269043
0.031989336013793945
0.030998706817626953
0.031999826431274414
0.030998945236206055
0.032999515533447266
0.028997421264648438
0.030999183654785156
0.031000137329101562
0.03301262855529785
0.031000137329101562
0.03200840950012207
0.03200054168701172
0.03200173377990723
0.030999422073364258
0.032999277114868164
0.030999422073364258
0.03299832344055176
0.031002521514892578
0.03200054168701172
0.030999183654785156
0.030999183654785156
0.03199887275695801
0.03299856185913086
0.03499889373779297
0.032999277114868164
0.03100299835205078
0.03301191329956055
0.031989336013793945
0.030999183654785156
0.03199934959411621
0.03299903869628906
0.030987262725830078
0.03199911117553711
0.032003164291381836
0.03099989891052246
0.029997825622558594
0.03302717208862305
0.03099966049194336
0.03300166130065918
0.04700112342834473
0.06600069999694824
0.035997867584228516
0.03300023078918457
0.030998945236206055
0.030998945236206055
0.031998395919799805
0.031000137329101562
0.03199887275695801
0.030002832412719727
0.03100419044494629
0.029997825622558594
0.031998395919799805
0.03199338912963867
0.03099799156188965
0.03300166130065918
0.03599667549133301
0.03900027275085449
0.031003236770629883
0.02999734878540039
0.030997753143310547
0.03299856185913086
0.03299736976623535
0.0340116024017334
0.030984878540039062
0.031010866165161133
0.030985593795776367
0.03299975395202637
0.03300023078918457
0.03199911117553711
0.04300117492675781
0.04699850082397461
0.04599761962890625
0.03400993347167969
0.0299985408782959
0.031998395919799805
0.03000164031982422
0.03099799156188965
0.032000064849853516
0.0319976806640625
0.03200030326843262
0.03200101852416992
0.031998395919799805
0.03200078010559082
0.030000686645507812
0.03199887275695801
0.03000020980834961
0.03199625015258789
0.03100109100341797
0.03398895263671875
0.03201174736022949
0.032000064849853516
0.03099846839904785
0.032999515533447266
0.030013084411621094
0.03099799156188965
0.030999183654785156
0.031000375747680664
0.031011581420898438
0.03398561477661133
0.03101062774658203
0.031998634338378906
0.030995845794677734
0.03200173377990723
0.03099656105041504
0.0319976806640625
0.031006336212158203
0.029997825622558594
0.030999422073364258
0.03299999237060547
0.03099846839904785
0.030998945236206055
0.03000020980834961
0.031998634338378906
0.028998613357543945
0.03299069404602051
0.03199934959411621
0.031000614166259766
0.029999971389770508
0.03199911117553711
0.031012773513793945
0.03099846839904785
0.031996726989746094
0.03200101852416992
0.03199458122253418
0.0319979190826416
0.03199577331542969
0.032026052474975586
0.033000946044921875
0.03099656105041504
0.03299903869628906
0.03300023078918457
0.03201127052307129
0.03100109100341797
0.03199625015258789
0.030995607376098633
0.030997514724731445
0.028995513916015625
0.03300166130065918
0.030997276306152344
0.03199934959411621
0.032998085021972656
0.030002355575561523
0.0319976806640625
0.029999732971191406
0.030997514724731445
0.03200101852416992
0.029998779296875
0.030998706817626953
0.03700113296508789
0.03299903869628906
0.03100109100341797
0.03299903869628906
0.030998945236206055
0.03200125694274902
0.030997514724731445
0.031002283096313477
0.030001401901245117
0.029995203018188477
0.030997037887573242
0.030999422073364258
0.030997037887573242
0.03300189971923828
0.03299736976623535
0.029998302459716797
0.031001806259155273
0.03099989891052246
0.0319979190826416
0.029000282287597656
0.031000137329101562
0.031000614166259766
0.03099846839904785
0.030000686645507812
0.03400015830993652
0.03199887275695801
0.029997825622558594
0.0299985408782959
0.03400063514709473
0.031996726989746094
0.03300213813781738
0.029983997344970703
0.031998395919799805
0.03200101852416992
0.031998395919799805
0.0299985408782959
0.03200364112854004
0.030997276306152344
0.0319974422454834
0.029999732971191406
0.03199934959411621
0.031000614166259766
0.031002283096313477
0.031000137329101562
0.038002967834472656
0.04099917411804199
0.03399991989135742
0.03399920463562012
0.03299856185913086
0.031998634338378906
0.03399944305419922
0.030999183654785156
0.03299903869628906
0.031000137329101562
0.034999847412109375
0.03099989891052246
0.03199934959411621
0.03300142288208008
0.0349886417388916
0.032996416091918945
0.0319974422454834
0.029999971389770508
0.03099679946899414
0.031000614166259766
0.032001495361328125
0.030002355575561523
0.037995338439941406
0.03300118446350098
0.03400158882141113
0.03200054168701172
0.03298449516296387
0.03200054168701172
0.0319979190826416
0.029002904891967773
0.030997276306152344
0.029999971389770508
0.03299856185913086
0.029996395111083984
0.03199601173400879
0.031000614166259766
0.031999826431274414
0.03000044822692871
0.03300833702087402
0.029997587203979492
0.03200340270996094
0.031000137329101562
0.03199887275695801
0.0319981575012207
0.03200125694274902
0.030998706817626953
0.031989097595214844
0.0299990177154541
0.03099846839904785
0.03199505805969238
0.03400111198425293
0.03199934959411621
0.0339968204498291
0.03101038932800293
0.030999183654785156
0.031996965408325195
0.029996633529663086
0.03399825096130371
0.03200268745422363
0.030999422073364258
0.029999971389770508
0.029996156692504883
0.03100132942199707
0.028998136520385742
0.030999422073364258
0.030999422073364258
0.03200101852416992
0.0319976806640625
0.03199887275695801
0.029996395111083984
0.03199887275695801
0.030001163482666016
0.03099989891052246
0.027998685836791992
0.03200054168701172
0.031000375747680664
0.03198862075805664
0.03099989891052246
0.032998085021972656
0.03100275993347168
0.031000375747680664
0.029996395111083984
0.031996726989746094
0.03099799156188965
0.039000749588012695
0.03300070762634277
0.03399968147277832
0.03200030326843262
0.03199625015258789
0.029998779296875
0.031998634338378906
0.031002044677734375
0.030998706817626953
0.028997421264648438
0.0319974422454834
0.029997587203979492
0.03200030326843262
0.030994176864624023
0.030996322631835938
0.029000520706176758
0.03299856185913086
0.031002044677734375
0.03399777412414551
0.031001567840576172
0.03299880027770996
0.03000020980834961
0.0319974422454834
0.031000852584838867
0.031999826431274414
0.03099966049194336
0.03299975395202637
0.03099799156188965
0.030999183654785156
0.03199911117553711
0.030996084213256836
0.03099966049194336
0.037003278732299805
0.031006574630737305
0.03599953651428223
0.04499983787536621
0.036000967025756836
0.031999826431274414
0.03499889373779297
0.03499722480773926
0.031002044677734375
0.029999256134033203
0.03399848937988281
0.031001806259155273
0.033997535705566406
0.033000946044921875
0.03099966049194336
0.028999805450439453
0.03500056266784668
0.030998706817626953
0.032999277114868164
0.03300166130065918
0.03399777412414551
0.03399944305419922
0.03399944305419922
0.030999422073364258
0.03299760818481445
0.03000187873840332
0.017003536224365234
