3.4220004081726074
0.03500080108642578
0.031025171279907227
0.03403115272521973
0.03299999237060547
0.035951852798461914
0.03200101852416992
0.03400111198425293
0.031007766723632812
0.033989906311035156
0.03201746940612793
0.03297877311706543
0.03204083442687988
0.03400111198425293
0.03299975395202637
0.032997846603393555
0.02999734878540039
0.03200030326843262
0.03099989891052246
0.032030582427978516
0.030998706817626953
0.03197979927062988
0.03100872039794922
0.03299999237060547
0.030991077423095703
0.033043861389160156
0.0319666862487793
0.03299999237060547
0.030999183654785156
0.03300166130065918
0.0320127010345459
0.03299689292907715
0.030997514724731445
0.030999183654785156
0.02999138832092285
0.03103327751159668
0.031021833419799805
0.03299355506896973
0.030971527099609375
0.031969547271728516
0.030011415481567383
0.03400087356567383
0.03200125694274902
0.03397250175476074
0.03201007843017578
0.03200101852416992
0.031999826431274414
0.03300118446350098
0.030977249145507812
0.032000064849853516
0.031005144119262695
0.03296780586242676
0.031998395919799805
0.03200030326843262
0.031998395919799805
0.03197622299194336
0.030032634735107422
0.03300023078918457
0.03199887275695801
0.03099513053894043
0.03296685218811035
0.030989408493041992
0.03099799156188965
0.033950090408325195
0.032999515533447266
0.03299593925476074
0.032998085021972656
0.032999515533447266
0.031030893325805664
0.03297233581542969
0.02996349334716797
0.032994747161865234
0.03203272819519043
0.03399991989135742
0.03097677230834961
0.0329740047454834
0.031036853790283203
0.032010555267333984
0.030995607376098633
0.03302478790283203
0.02997589111328125
0.03397488594055176
0.03099799156188965
0.03199934959411621
0.03300118446350098
0.03399944305419922
0.03200960159301758
0.03400397300720215
0.032990455627441406
0.033025503158569336
0.03000164031982422
0.03198957443237305
0.030997276306152344
0.033000946044921875
0.030998945236206055
0.032968759536743164
0.03199958801269531
0.033013343811035156
0.030994892120361328
0.03198051452636719
0.03200101852416992
0.03299856185913086
0.0300295352935791
0.03199195861816406
0.032001495361328125
0.03199505805969238
0.030973434448242188
0.03202939033508301
0.0320429801940918
0.03199005126953125
0.030971527099609375
0.03195452690124512
0.03000664710998535
0.03400158882141113
0.032000064849853516
0.03196406364440918
0.0310361385345459
0.03196072578430176
0.03199028968811035
0.031000852584838867
0.030961036682128906
0.03200221061706543
0.030997753143310547
0.029997825622558594
0.032000064849853516
0.031999826431274414
0.029998779296875
0.030997514724731445
0.0299985408782959
0.03200936317443848
0.028989553451538086
0.03099846839904785
0.029999494552612305
0.031000852584838867
0.030988693237304688
0.030998945236206055
0.03099846839904785
0.03299880027770996
0.03000044822692871
0.029999971389770508
0.03000020980834961
0.031000137329101562
0.0299990177154541
0.033010005950927734
0.0309908390045166
0.031000614166259766
0.031000614166259766
0.03099966049194336
0.03200054168701172
0.03099799156188965
0.031998634338378906
0.03199934959411621
0.03099989891052246
0.03199934959411621
0.030998706817626953
0.030999422073364258
0.029999494552612305
0.031000375747680664
0.030999422073364258
0.030000925064086914
0.029998064041137695
0.03099799156188965
0.030999183654785156
0.03199887275695801
0.03099989891052246
0.030997753143310547
0.030000686645507812
0.029999732971191406
0.029998779296875
0.029999732971191406
0.030998706817626953
0.03000807762145996
0.03099989891052246
0.032999515533447266
0.028998374938964844
0.03099989891052246
0.029000043869018555
0.03099822998046875
0.030001163482666016
0.030003070831298828
0.02999734878540039
0.031000375747680664
0.031998395919799805
0.030999422073364258
0.030997753143310547
0.030998706817626953
0.029999732971191406
0.029999732971191406
0.029999971389770508
0.03200125694274902
0.03099679946899414
0.029999256134033203
0.031999826431274414
0.03399848937988281
0.031000852584838867
0.032012224197387695
0.031998395919799805
0.03200078010559082
0.031000614166259766
0.03200030326843262
0.030997514724731445
0.029997825622558594
0.030999183654785156
0.0319976806640625
0.029999256134033203
0.03199934959411621
0.03200960159301758
0.03499865531921387
0.037000417709350586
0.031998395919799805
0.034998178482055664
0.0370023250579834
0.028998136520385742
0.03200078010559082
0.029999732971191406
0.03500056266784668
0.032999515533447266
0.03500175476074219
0.03299856185913086
0.037999629974365234
0.03199934959411621
0.032999515533447266
0.0319981575012207
0.03199934959411621
0.03199911117553711
0.03299856185913086
0.030999183654785156
0.03099846839904785
0.03500032424926758
0.034992218017578125
0.03399825096130371
0.03199625015258789
0.0319976806640625
0.03500008583068848
0.034998178482055664
0.031999826431274414
0.03200030326843262
0.03399968147277832
0.03400063514709473
0.035999298095703125
0.02799820899963379
0.03099822998046875
0.031000375747680664
0.031999826431274414
0.029998779296875
0.03199648857116699
0.030999422073364258
0.0299990177154541
0.0319976806640625
0.03299450874328613
0.03099989891052246
0.03299903869628906
0.03299975395202637
0.03198885917663574
0.03199911117553711
0.03199887275695801
0.030998945236206055
0.03200101852416992
0.031005144119262695
0.03099846839904785
0.0299990177154541
0.03099989891052246
0.030999422073364258
0.03300118446350098
0.030997753143310547
0.03200221061706543
0.030997037887573242
0.03099846839904785
0.03199625015258789
0.03299999237060547
0.030997753143310547
0.031000137329101562
0.031998395919799805
0.032999515533447266
0.030998706817626953
0.03299903869628906
0.03199887275695801
0.03398489952087402
0.02999734878540039
0.030999422073364258
0.029000282287597656
0.031999826431274414
0.02899956703186035
0.030001163482666016
0.029997825622558594
0.03099822998046875
0.0320127010345459
0.03300166130065918
0.04999947547912598
0.0559999942779541
0.031000614166259766
0.034999847412109375
0.03199887275695801
0.029000282287597656
0.029999971389770508
0.029999732971191406
0.031000375747680664
0.028998851776123047
0.029000282287597656
0.030999183654785156
0.03199934959411621
0.02899956703186035
0.03099846839904785
0.03099989891052246
0.03299880027770996
0.029999732971191406
0.03299999237060547
0.029987335205078125
0.031001806259155273
0.030997753143310547
0.03199887275695801
0.03400063514709473
0.032001495361328125
0.03199887275695801
0.03200030326843262
0.03201103210449219
0.03198981285095215
0.03301262855529785
0.03198385238647461
0.0319981575012207
0.03199911117553711
0.031998634338378906
0.03099799156188965
0.032010793685913086
0.03299140930175781
0.03199911117553711
0.0319972038269043
0.03200078010559082
0.03198671340942383
0.031999826431274414
0.03299975395202637
0.03199934959411621
0.03099822998046875
0.03099989891052246
0.03299427032470703
0.03300905227661133
0.03198361396789551
0.03198575973510742
0.033978939056396484
0.03200078010559082
0.03200078010559082
0.03199911117553711
0.03203582763671875
0.03197813034057617
0.03199934959411621
0.030043363571166992
0.031998395919799805
0.030994653701782227
0.03199148178100586
0.030987977981567383
0.031998634338378906
0.03200173377990723
0.03299880027770996
0.030998945236206055
0.03200125694274902
0.0319981575012207
0.033960580825805664
0.0299990177154541
0.03197216987609863
0.030986547470092773
0.03199648857116699
0.02997136116027832
0.03200268745422363
0.03100109100341797
0.03200030326843262
0.0319979190826416
0.030998945236206055
0.032999515533447266
0.031987905502319336
0.03299832344055176
0.03099989891052246
0.03299999237060547
0.030999422073364258
0.031996965408325195
0.03199934959411621
0.03099799156188965
0.03299999237060547
0.03201603889465332
0.03298330307006836
0.030977249145507812
0.05598735809326172
0.030997514724731445
0.03099966049194336
0.03299880027770996
0.030000925064086914
0.030007362365722656
0.029998302459716797
0.03200054168701172
0.029998779296875
0.03302955627441406
0.03097367286682129
0.032997846603393555
0.03102421760559082
0.03296971321105957
0.03003525733947754
0.032974958419799805
0.030977249145507812
0.032974958419799805
0.029974699020385742
0.03299880027770996
0.029999971389770508
0.03200078010559082
0.031998634338378906
0.03299117088317871
0.030997514724731445
0.030997514724731445
0.029997587203979492
0.032003164291381836
0.03299856185913086
0.03299355506896973
0.036000728607177734
0.034000396728515625
0.03299903869628906
0.03499650955200195
0.028998851776123047
0.030999422073364258
0.02899909019470215
0.032000064849853516
0.029998064041137695
0.03199911117553711
0.030004501342773438
0.03299903869628906
0.030000686645507812
0.032999515533447266
0.0290069580078125
0.03303360939025879
0.029998302459716797
0.03197002410888672
0.03096318244934082
0.03297138214111328
0.03200054168701172
0.03200125694274902
0.030992984771728516
0.030996084213256836
0.030997753143310547
0.03099679946899414
0.03299999237060547
0.031999826431274414
0.031014204025268555
0.03099966049194336
0.03200197219848633
0.03097248077392578
0.03098440170288086
0.03200054168701172
0.030999183654785156
0.03300285339355469
0.03099799156188965
0.03099966049194336
0.028998851776123047
0.029990196228027344
0.03200030326843262
0.032999515533447266
0.031999826431274414
0.03299903869628906
0.031000137329101562
0.032001495361328125
0.030998945236206055
0.03199958801269531
0.03099989891052246
0.031998395919799805
0.030999183654785156
0.03199958801269531
0.031966447830200195
0.03300023078918457
0.029999256134033203
0.03200054168701172
0.03099989891052246
0.03300189971923828
0.030998945236206055
0.03300356864929199
0.03099822998046875
0.03200197219848633
0.03199911117553711
0.030998945236206055
0.031995296478271484
0.03101062774658203
0.03299450874328613
0.031996726989746094
0.030997276306152344
0.03199911117553711
0.03200078010559082
0.031998634338378906
0.03199911117553711
0.03400015830993652
0.03199911117553711
0.03299880027770996
0.032004356384277344
0.03098750114440918
0.03100109100341797
0.03099799156188965
0.031003236770629883
0.031984806060791016
0.03099966049194336
0.03301286697387695
0.03198504447937012
0.032994985580444336
0.031007051467895508
0.03299736976623535
0.030986309051513672
0.03200817108154297
0.030973434448242188
0.032999277114868164
0.0299985408782959
0.030989885330200195
0.031003713607788086
0.03296661376953125
0.03200054168701172
0.03200030326843262
0.032011985778808594
0.034002065658569336
0.0319976806640625
0.03199625015258789
0.030999422073364258
0.03097057342529297
0.03199028968811035
0.03199887275695801
0.03301262855529785
0.030995845794677734
0.031998395919799805
0.031035900115966797
0.0320279598236084
0.03102254867553711
0.031975507736206055
0.03196001052856445
0.03198695182800293
0.033002376556396484
0.032036781311035156
0.032999515533447266
0.03196430206298828
0.03198051452636719
0.031029224395751953
0.03299856185913086
0.0310211181640625
0.034055233001708984
0.03197646141052246
0.034015655517578125
0.03199505805969238
0.0330049991607666
0.030991077423095703
0.03399920463562012
0.030994892120361328
0.03397059440612793
0.03099846839904785
0.03297543525695801
0.03200817108154297
0.03399944305419922
0.03099822998046875
0.03399920463562012
0.029998302459716797
0.03299689292907715
0.03301072120666504
0.03199958801269531
0.030999183654785156
0.031998395919799805
0.03299975395202637
0.03200244903564453
0.032000064849853516
0.033000946044921875
0.014999628067016602
0.031014204025268555
0.032990217208862305
0.030975818634033203
0.032016754150390625
0.03097987174987793
0.0319972038269043
0.031000375747680664
0.03199911117553711
0.03196907043457031
0.031998634338378906
0.028987884521484375
0.03297162055969238
0.03200054168701172
0.03397870063781738
0.030988693237304688
0.03201103210449219
0.030989646911621094
0.03298687934875488
0.032000064849853516
0.03301525115966797
0.0319974422454834
0.0320131778717041
0.029999256134033203
0.03200054168701172
0.03000044822692871
0.03101062774658203
0.02899909019470215
0.0300140380859375
0.03099226951599121
0.03199338912963867
0.02998948097229004
0.030997753143310547
0.03099966049194336
0.03199887275695801
0.03200173377990723
0.032999277114868164
0.03199934959411621
0.03300046920776367
0.03099989891052246
0.031000137329101562
0.029999971389770508
0.031998395919799805
0.030001163482666016
0.034000396728515625
0.030999422073364258
0.03199458122253418
0.030998945236206055
0.03298521041870117
0.03098464012145996
0.03200197219848633
0.031001567840576172
0.03299975395202637
0.030987024307250977
0.031995534896850586
0.030997753143310547
0.03098011016845703
0.03300046920776367
0.03200054168701172
0.0319976806640625
0.03100752830505371
0.032022714614868164
0.030997753143310547
0.03102850914001465
0.03397321701049805
0.03198647499084473
0.03203558921813965
0.030982494354248047
0.032034873962402344
0.030977487564086914
0.03102731704711914
0.031000852584838867
0.03199958801269531
0.031000852584838867
0.032033681869506836
0.029977083206176758
0.03299689292907715
0.030999422073364258
0.03200411796569824
0.031014442443847656
0.03200244903564453
0.030998706817626953
0.03196406364440918
0.031999826431274414
0.031977176666259766
0.031021833419799805
0.03199887275695801
0.03099966049194336
0.03300189971923828
0.030997037887573242
0.03400301933288574
0.030998706817626953
0.03400087356567383
0.03299975395202637
0.031000137329101562
0.029996633529663086
0.03200030326843262
0.0319979190826416
0.03299975395202637
0.030999422073364258
0.03099966049194336
0.030998945236206055
0.030999183654785156
0.029998064041137695
0.032999515533447266
0.03000020980834961
0.031998634338378906
0.03000020980834961
0.031000137329101562
0.030998945236206055
0.0299990177154541
0.031000614166259766
0.031989336013793945
0.033003807067871094
0.03199911117553711
0.029999971389770508
0.030997753143310547
0.03100275993347168
0.03199934959411621
0.03099966049194336
0.032000064849853516
0.03000950813293457
0.031000375747680664
0.031001806259155273
0.029999494552612305
0.029998302459716797
0.032000064849853516
0.031000614166259766
0.03099966049194336
0.029999971389770508
0.03099989891052246
0.029996871948242188
0.030030012130737305
0.02897191047668457
0.03099989891052246
0.03000020980834961
0.03099799156188965
0.029976844787597656
0.0319981575012207
0.03099966049194336
0.031998634338378906
0.030973196029663086
0.032982826232910156
0.03200244903564453
0.032000064849853516
0.030975818634033203
0.032999515533447266
0.03299999237060547
0.03299975395202637
0.03300070762634277
0.0319981575012207
0.029997825622558594
0.03298044204711914
0.03198671340942383
0.03299999237060547
0.030008316040039062
0.0319821834564209
0.03200125694274902
0.03297901153564453
0.03099203109741211
0.032967567443847656
0.03100728988647461
0.03203415870666504
0.03299260139465332
0.03200101852416992
0.0319981575012207
0.03199934959411621
0.03199911117553711
0.030011415481567383
0.03201127052307129
0.032970428466796875
0.031034231185913086
0.03202199935913086
0.03200054168701172
0.033986806869506836
0.030995607376098633
0.034010887145996094
0.03199887275695801
0.0330357551574707
0.031996965408325195
0.03197050094604492
0.031998634338378906
0.03302192687988281
0.031028032302856445
0.03400135040283203
0.031039714813232422
0.03299856185913086
0.030998706817626953
0.03400135040283203
0.029999494552612305
0.03398394584655762
0.03099822998046875
0.03296852111816406
0.030994653701782227
0.031998395919799805
0.032001495361328125
0.03299999237060547
0.03200125694274902
0.03199934959411621
0.031000852584838867
0.0330052375793457
0.03100109100341797
0.03199887275695801
0.031000375747680664
0.03199911117553711
0.029998779296875
0.03099966049194336
0.030000686645507812
0.03199958801269531
0.03099536895751953
0.03099989891052246
0.030998945236206055
0.03200078010559082
0.0319981575012207
0.03099989891052246
0.030997514724731445
0.03199887275695801
0.032000064849853516
0.03098440170288086
0.03199958801269531
0.03400111198425293
0.031000375747680664
0.03201174736022949
0.029987812042236328
0.03200101852416992
0.031012535095214844
0.03199911117553711
0.03099846839904785
0.03300023078918457
0.030997514724731445
0.032007455825805664
0.029998779296875
0.03800082206726074
0.040997982025146484
0.03300023078918457
0.031000614166259766
0.029985427856445312
0.029998302459716797
0.03200554847717285
0.032004594802856445
0.03197145462036133
0.02999258041381836
0.03099846839904785
0.030974626541137695
0.03299880027770996
0.02996516227722168
0.03200793266296387
0.0319979190826416
0.031012296676635742
0.030999422073364258
0.03300166130065918
0.0299985408782959
0.031007051467895508
0.03099656105041504
0.034009695053100586
0.03099799156188965
0.031009674072265625
0.03201174736022949
0.03301382064819336
0.03098607063293457
0.03200054168701172
0.03099822998046875
0.032000064849853516
0.03099966049194336
0.031999826431274414
0.029000282287597656
0.03299570083618164
0.03099966049194336
0.033034324645996094
0.030991792678833008
0.03197598457336426
0.03299880027770996
0.03198719024658203
0.03099989891052246
0.03099966049194336
0.03099846839904785
0.031998634338378906
0.031999826431274414
0.030998945236206055
0.03200101852416992
0.03200054168701172
0.030964374542236328
0.03199958801269531
0.03099966049194336
0.03196239471435547
0.030985593795776367
0.03199481964111328
0.031024932861328125
0.03200078010559082
0.030031919479370117
0.03099822998046875
0.029999256134033203
0.031982421875
0.03300023078918457
0.033975839614868164
0.03099966049194336
0.032000064849853516
0.03200101852416992
0.03200244903564453
0.029996156692504883
0.031000852584838867
0.03500962257385254
0.030999183654785156
0.03101038932800293
0.033977508544921875
0.031032562255859375
0.03299856185913086
0.03200078010559082
0.032000064849853516
0.03099799156188965
0.03300070762634277
0.031012296676635742
0.031964778900146484
0.030002117156982422
0.03201484680175781
0.031000852584838867
0.0320281982421875
0.031968116760253906
0.03298234939575195
0.031003236770629883
0.03096771240234375
0.03197145462036133
0.03497719764709473
0.031011581420898438
0.032999277114868164
0.03200054168701172
0.03198671340942383
0.030999183654785156
0.030003070831298828
0.03099513053894043
0.032000064849853516
0.030998945236206055
0.030998945236206055
0.032999277114868164
0.030999422073364258
0.03200840950012207
0.032007694244384766
0.03299880027770996
0.032994747161865234
0.033998966217041016
0.031008243560791016
0.030997514724731445
0.031998634338378906
0.031993865966796875
0.03400278091430664
0.03299713134765625
0.03201436996459961
0.030997276306152344
0.03199434280395508
0.030997753143310547
0.030997514724731445
0.031999826431274414
0.030997753143310547
0.030999183654785156
0.033000946044921875
0.03099513053894043
0.03300023078918457
0.03199911117553711
0.03399777412414551
0.03101038932800293
0.03400063514709473
0.03099989891052246
0.03301095962524414
0.02998518943786621
0.03298759460449219
0.030994415283203125
0.03201484680175781
0.031005859375
0.0320284366607666
0.02997136116027832
0.03399848937988281
0.03202390670776367
0.03196144104003906
0.031000137329101562
0.03299832344055176
0.0319674015045166
0.03299856185913086
0.03097677230834961
0.0319979190826416
0.030999422073364258
0.03301596641540527
0.03199911117553711
0.0319979190826416
0.031000375747680664
0.03299975395202637
0.03300023078918457
0.030999422073364258
0.029999256134033203
0.031999826431274414
0.03099966049194336
0.03200030326843262
0.030997276306152344
0.03099846839904785
0.03201127052307129
0.03199887275695801
0.029999256134033203
0.03300046920776367
0.029998064041137695
0.03200531005859375
0.03099370002746582
0.032998085021972656
0.031000375747680664
0.03299880027770996
0.031000614166259766
0.03299593925476074
0.029999971389770508
0.032999515533447266
0.03199958801269531
0.03300046920776367
0.029998779296875
0.03200101852416992
0.030993938446044922
0.03297996520996094
0.03099203109741211
0.03200197219848633
0.029996633529663086
0.030028343200683594
0.03197479248046875
0.03199934959411621
0.03201413154602051
0.031998634338378906
0.03200030326843262
0.032000064849853516
0.03000020980834961
0.0299985408782959
0.03099989891052246
0.031999826431274414
0.031999826431274414
0.03099989891052246
0.03200268745422363
0.03200697898864746
0.031002044677734375
0.03000044822692871
0.03099822998046875
0.030998945236206055
0.03200125694274902
0.031002044677734375
0.03199648857116699
0.032999515533447266
0.03199887275695801
0.03099966049194336
0.029999732971191406
0.03199934959411621
0.029999256134033203
0.032999515533447266
0.029999971389770508
0.03200387954711914
0.030999183654785156
0.03200054168701172
0.03099822998046875
0.032001495361328125
0.03199887275695801
0.030998706817626953
0.030998945236206055
0.032999277114868164
0.03199934959411621
0.030999422073364258
0.029999494552612305
0.032000064849853516
0.03099966049194336
0.03299832344055176
0.031000614166259766
0.03199958801269531
0.03000044822692871
0.029998779296875
0.029999494552612305
0.032003164291381836
0.030999422073364258
0.03099966049194336
0.030003786087036133
0.03299880027770996
0.03099966049194336
0.03299856185913086
0.031000614166259766
0.03200054168701172
0.0299985408782959
0.032997846603393555
0.03200054168701172
0.031998395919799805
0.02900075912475586
0.03100728988647461
0.03199052810668945
0.03301358222961426
0.03398704528808594
0.030999422073364258
0.03299975395202637
0.032999277114868164
0.03200078010559082
0.030998945236206055
0.031002283096313477
0.03299379348754883
0.031011581420898438
0.03200101852416992
0.030999183654785156
0.03299975395202637
0.03099989891052246
0.030998706817626953
0.030998706817626953
0.030992746353149414
0.030992507934570312
0.03301501274108887
0.031984567642211914
0.031000137329101562
0.03199911117553711
0.030992507934570312
0.030999422073364258
0.03199148178100586
0.029998779296875
0.03200101852416992
0.03200078010559082
0.03099846839904785
0.03302621841430664
0.032976627349853516
0.031034231185913086
0.0320281982421875
0.03297758102416992
0.03202462196350098
0.03197813034057617
0.03297162055969238
0.029999494552612305
0.03201007843017578
0.031981468200683594
0.031975507736206055
0.029999732971191406
0.03199028968811035
0.030977487564086914
0.03299999237060547
0.029978275299072266
0.03299689292907715
0.03002762794494629
0.03203248977661133
0.029967546463012695
0.03297138214111328
0.032029151916503906
0.03199434280395508
0.030976057052612305
0.03201580047607422
0.031996965408325195
0.03197741508483887
0.030034780502319336
0.03296637535095215
0.031033992767333984
0.03299975395202637
0.031981468200683594
0.0339808464050293
0.032012224197387695
0.03299975395202637
0.030997276306152344
0.031023502349853516
0.032999277114868164
0.03300118446350098
0.033030033111572266
0.03198695182800293
0.03099822998046875
0.03200244903564453
0.0320124626159668
0.03199410438537598
0.03099536895751953
0.03399491310119629
0.016005754470825195
0.0339968204498291
0.0329747200012207
0.03099989891052246
0.03203272819519043
0.029964208602905273
0.033998966217041016
0.03197908401489258
0.03199267387390137
0.031017780303955078
0.031000614166259766
0.029971599578857422
0.03298759460449219
0.033998727798461914
0.03198862075805664
0.03097844123840332
0.03300046920776367
0.031000375747680664
0.03100109100341797
0.03200101852416992
0.031998395919799805
0.03299736976623535
0.02899765968322754
0.03099966049194336
0.03099822998046875
0.030999183654785156
0.0319981575012207
0.02900075912475586
0.0319981575012207
0.032011985778808594
0.03198885917663574
0.031000375747680664
0.03401660919189453
0.030983686447143555
0.03400135040283203
0.03103494644165039
0.031966447830200195
0.03103470802307129
0.031999826431274414
0.030970335006713867
0.033968448638916016
0.030999422073364258
0.0339655876159668
0.03100299835205078
0.03298163414001465
0.030974626541137695
0.03200101852416992
0.029971599578857422
0.031000614166259766
0.031000614166259766
0.03400063514709473
0.03099989891052246
0.03200078010559082
0.029970884323120117
0.03296804428100586
0.031012535095214844
0.03099966049194336
0.031998634338378906
0.03302454948425293
0.030976057052612305
0.032970428466796875
0.030972957611083984
0.03199911117553711
0.030026912689208984
0.03300118446350098
0.031001806259155273
0.031000137329101562
0.032010793685913086
0.031964778900146484
0.03199172019958496
0.032982587814331055
0.031028032302856445
0.03299546241760254
0.028027057647705078
0.03200054168701172
0.03198051452636719
0.031999826431274414
0.03303050994873047
0.030999183654785156
0.03199887275695801
0.03203582763671875
0.030969858169555664
0.03398633003234863
0.03199958801269531
0.032979488372802734
0.031008481979370117
0.03199887275695801
0.029979467391967773
0.03499937057495117
0.03099966049194336
0.0410008430480957
0.036997318267822266
0.03399991989135742
0.031000614166259766
0.030031442642211914
0.029004812240600586
0.0319676399230957
0.029967308044433594
0.033014774322509766
0.030983924865722656
0.03297781944274902
0.030998706817626953
0.031999826431274414
0.030996084213256836
0.030997514724731445
0.03200531005859375
0.030027389526367188
0.031984806060791016
0.03297686576843262
0.03099989891052246
0.0319979190826416
0.029963016510009766
0.03197526931762695
0.029999732971191406
0.03297090530395508
0.030998945236206055
0.03296661376953125
0.03200030326843262
0.03203773498535156
0.031000137329101562
0.030977249145507812
0.03202056884765625
0.033000946044921875
0.03096747398376465
0.030016660690307617
0.03199887275695801
0.0319976806640625
0.030001163482666016
0.031999826431274414
0.0319674015045166
0.03299832344055176
0.029998302459716797
0.03197050094604492
0.030009031295776367
0.03202629089355469
0.03200125694274902
0.03202247619628906
0.03197073936462402
0.032965898513793945
0.03102874755859375
0.03399920463562012
0.031000137329101562
0.03099799156188965
0.029983043670654297
0.03296780586242676
0.031001567840576172
0.03200078010559082
0.033011436462402344
0.0319979190826416
0.02997446060180664
0.03200078010559082
0.03200030326843262
0.03200817108154297
0.03199958801269531
0.03200554847717285
0.03299713134765625
0.0319676399230957
0.032997846603393555
0.030999422073364258
0.03100442886352539
0.032000064849853516
0.03300642967224121
0.031008481979370117
0.03198981285095215
0.03199887275695801
0.031000137329101562
0.03199911117553711
0.031000375747680664
0.032000064849853516
0.03000044822692871
0.03200078010559082
0.031005382537841797
0.03200125694274902
0.02999591827392578
0.031002283096313477
0.03299760818481445
0.03200507164001465
0.03199887275695801
0.03199911117553711
0.02999401092529297
0.031990766525268555
0.03099846839904785
0.03099799156188965
0.030998706817626953
0.031998634338378906
0.029999494552612305
0.032998085021972656
0.03099989891052246
0.03299093246459961
0.030999183654785156
0.03300046920776367
0.031000614166259766
0.031999826431274414
0.03000044822692871
0.03300070762634277
0.0319974422454834
0.0319981575012207
0.03099966049194336
0.03399968147277832
0.0299680233001709
0.031998634338378906
0.03200101852416992
0.03199887275695801
0.02999734878540039
0.031008005142211914
0.029999256134033203
0.03199911117553711
0.03299903869628906
0.03103017807006836
0.03299736976623535
0.031983375549316406
0.030997753143310547
0.0329747200012207
0.0319972038269043
0.031010866165161133
0.03297734260559082
0.030999183654785156
0.03198671340942383
0.03198671340942383
0.031022071838378906
0.030997037887573242
0.03300142288208008
0.03203415870666504
0.03300142288208008
0.03299427032470703
0.032029151916503906
0.030997514724731445
0.030989885330200195
0.032999515533447266
0.03099822998046875
0.031999826431274414
0.030987977981567383
0.031032800674438477
0.031978607177734375
0.03300905227661133
0.03003382682800293
0.031003713607788086
0.03199911117553711
0.03297734260559082
0.03200674057006836
0.0329899787902832
0.03199887275695801
0.03297734260559082
0.031027793884277344
0.03201127052307129
0.029988765716552734
0.03203082084655762
0.030970096588134766
0.032961130142211914
0.030999183654785156
0.03297090530395508
0.03203225135803223
0.031020641326904297
0.030999183654785156
0.03300046920776367
0.030997037887573242
0.03203392028808594
0.029990673065185547
0.032001495361328125
0.03200101852416992
0.03299856185913086
0.0299985408782959
0.03197669982910156
0.0319976806640625
0.03200030326843262
0.03200030326843262
0.03203582763671875
0.031045198440551758
0.031032323837280273
0.03196525573730469
0.031047582626342773
0.03198599815368652
0.03296518325805664
0.03300070762634277
0.032998085021972656
0.03197741508483887
0.032002925872802734
0.030007123947143555
0.035001516342163086
0.03201413154602051
0.034957170486450195
0.0299990177154541
0.031000852584838867
0.032001495361328125
0.034001827239990234
0.03099679946899414
0.03400063514709473
0.031032323837280273
0.032012224197387695
0.030969858169555664
0.031982421875
0.032007455825805664
0.0319981575012207
0.0309755802154541
0.03300595283508301
0.03099679946899414
0.03200101852416992
0.03200936317443848
0.032956600189208984
0.03200101852416992
0.03196573257446289
0.03099966049194336
0.032997846603393555
0.0300137996673584
0.03396773338317871
0.03199934959411621
0.03198552131652832
0.02900075912475586
0.03202962875366211
0.031998634338378906
0.030997753143310547
0.031000137329101562
0.0319981575012207
0.031002044677734375
0.03199267387390137
0.031000614166259766
0.03299260139465332
0.031002283096313477
0.031991004943847656
0.03000044822692871
0.03397941589355469
0.031003475189208984
0.03201127052307129
0.029999494552612305
0.03300786018371582
0.029000043869018555
0.030999422073364258
0.030999183654785156
0.03198719024658203
0.03199958801269531
0.03100442886352539
0.030999422073364258
0.031998634338378906
0.033013105392456055
0.03199934959411621
0.03200101852416992
0.03200840950012207
0.031998634338378906
0.03099799156188965
0.029998779296875
0.03199934959411621
0.03199911117553711
0.03299832344055176
0.031999826431274414
0.03201007843017578
0.03099846839904785
0.030008792877197266
0.029999732971191406
0.029987096786499023
0.03300046920776367
0.03099822998046875
0.0309908390045166
0.030998945236206055
0.031999826431274414
0.032000064849853516
0.0319979190826416
0.031998395919799805
0.030998706817626953
0.0319979190826416
0.030989408493041992
0.03199958801269531
0.03000020980834961
0.031998395919799805
0.029999494552612305
0.03298544883728027
0.03200078010559082
0.031998634338378906
0.031002044677734375
0.031989336013793945
0.0299985408782959
0.031999826431274414
0.030992507934570312
0.033000946044921875
0.029997587203979492
0.040001869201660156
0.03099822998046875
0.031998395919799805
0.029998779296875
0.03198599815368652
0.02899909019470215
0.030998945236206055
0.030997753143310547
0.03200888633728027
0.0309903621673584
0.03299880027770996
0.03200864791870117
0.031999826431274414
0.03201103210449219
0.03299975395202637
0.030999422073364258
0.031004905700683594
0.030999183654785156
0.03198671340942383
0.03299999237060547
0.032000064849853516
0.03199958801269531
0.0329897403717041
0.030998945236206055
0.029998302459716797
0.03199934959411621
0.030998945236206055
0.03099966049194336
0.0299990177154541
0.030999183654785156
0.0319981575012207
0.0299985408782959
0.031992197036743164
0.031008005142211914
0.031034231185913086
0.030974388122558594
0.031000137329101562
0.031015634536743164
0.03297686576843262
0.031998634338378906
0.03299975395202637
0.0319972038269043
0.03300046920776367
0.031000375747680664
0.03199028968811035
0.03198122978210449
0.0330045223236084
0.03097987174987793
0.03197026252746582
0.029964685440063477
0.03096938133239746
0.031020164489746094
0.03200101852416992
0.032033443450927734
0.03200030326843262
0.032000064849853516
0.03197479248046875
0.03200030326843262
0.03200554847717285
0.03097367286682129
0.0340120792388916
0.03098607063293457
0.03296971321105957
0.03199958801269531
0.030999183654785156
0.03099966049194336
0.031999826431274414
0.031000137329101562
0.03299903869628906
0.031000137329101562
0.03100109100341797
0.030997276306152344
0.031999826431274414
0.031000614166259766
0.032000064849853516
0.029998064041137695
0.03198671340942383
0.032999515533447266
0.03199887275695801
0.029999494552612305
0.029998779296875
0.030998945236206055
0.03199911117553711
0.02999401092529297
0.030001401901245117
0.0299985408782959
0.028998374938964844
0.031000375747680664
0.03199410438537598
0.029999971389770508
0.03199934959411621
0.029999732971191406
0.03300046920776367
0.030997753143310547
0.03299999237060547
0.029999256134033203
0.03300118446350098
0.029998064041137695
0.03300046920776367
0.031013965606689453
0.03298830986022949
0.031010150909423828
0.032978057861328125
0.03202676773071289
0.03299880027770996
0.031000852584838867
0.031998395919799805
0.028966903686523438
0.03104114532470703
0.03197884559631348
0.033033132553100586
0.030974149703979492
0.030997037887573242
0.03099822998046875
0.031998395919799805
0.03000164031982422
0.032980918884277344
0.032021284103393555
0.03200221061706543
0.03301239013671875
0.032035112380981445
0.030987977981567383
0.03300142288208008
0.029999971389770508
0.03301572799682617
0.030974149703979492
0.033002376556396484
0.0330045223236084
0.03199958801269531
0.02997756004333496
0.03200030326843262
0.030996084213256836
0.03002762794494629
0.03203320503234863
0.030001163482666016
0.03201651573181152
0.03296518325805664
0.030997514724731445
0.031989336013793945
0.031010150909423828
0.03406476974487305
0.0319676399230957
0.0349879264831543
0.030010700225830078
0.03396487236022949
0.031998395919799805
0.030998945236206055
0.031010150909423828
0.05699920654296875
0.030997514724731445
0.03100132942199707
0.030989885330200195
0.031999826431274414
0.030998706817626953
0.03200125694274902
0.03198862075805664
0.030001163482666016
0.030999183654785156
0.028999805450439453
0.032999515533447266
0.03100132942199707
0.0330348014831543
0.03099989891052246
0.0330357551574707
0.03196382522583008
0.03400158882141113
0.032034873962402344
0.03298234939575195
0.029986143112182617
0.030991792678833008
0.031006813049316406
0.0330045223236084
0.03000020980834961
0.03198814392089844
0.02999711036682129
0.03300809860229492
0.030987024307250977
0.03200101852416992
0.033968448638916016
0.03296041488647461
0.030997514724731445
0.03200054168701172
0.03099989891052246
0.031010866165161133
0.030987262725830078
0.017000436782836914
0.03399801254272461
0.033988237380981445
0.03200840950012207
0.03297686576843262
0.03099656105041504
0.033010244369506836
0.03099226951599121
0.03299212455749512
0.030000925064086914
0.034000396728515625
0.03200054168701172
0.0330052375793457
0.030998945236206055
0.03300118446350098
0.030999183654785156
0.031000614166259766
0.030999183654785156
0.030985355377197266
0.031998395919799805
0.03098297119140625
0.029996871948242188
0.03299999237060547
0.031000137329101562
0.030973196029663086
0.03298664093017578
0.03299832344055176
0.03199267387390137
0.03298807144165039
0.029996395111083984
0.031000137329101562
0.032007694244384766
0.03199958801269531
0.028998374938964844
0.031999826431274414
0.031000137329101562
0.03200030326843262
0.030999422073364258
0.03299999237060547
0.031002283096313477
0.03299903869628906
0.031012773513793945
0.032998085021972656
0.03199958801269531
0.031999826431274414
0.031035184860229492
0.03198862075805664
0.030975341796875
0.03199934959411621
0.03199887275695801
0.033971309661865234
0.030998945236206055
0.031981468200683594
0.03101634979248047
0.031003713607788086
0.030991315841674805
0.03100109100341797
0.032982587814331055
0.03298830986022949
0.030969619750976562
0.03199362754821777
0.03302454948425293
0.03099966049194336
0.03299975395202637
0.033023834228515625
0.030997514724731445
0.0339665412902832
0.03200101852416992
0.03299546241760254
0.0320284366607666
0.03399991989135742
0.030010223388671875
0.032994747161865234
0.030999422073364258
0.03199005126953125
0.030012130737304688
0.03296804428100586
0.03199958801269531
0.03099822998046875
0.029004812240600586
0.032000064849853516
0.030028104782104492
0.03302812576293945
0.02997112274169922
0.032999277114868164
0.03100752830505371
0.03296470642089844
0.03198552131652832
0.03199934959411621
0.0319981575012207
0.03300023078918457
0.031025171279907227
0.03399991989135742
0.031011104583740234
0.03300070762634277
0.03200387954711914
0.03299975395202637
0.030999422073364258
0.03199887275695801
0.030993223190307617
0.03297924995422363
0.030998945236206055
0.030999422073364258
0.03199911117553711
0.03198862075805664
0.03200101852416992
0.0319981575012207
0.03299760818481445
0.031003236770629883
0.030997514724731445
0.030997514724731445
0.030999422073364258
0.034000396728515625
0.030999183654785156
0.032987356185913086
0.030039548873901367
0.03302431106567383
0.031000852584838867
0.031999826431274414
0.03197789192199707
0.034026145935058594
0.03001117706298828
0.03103327751159668
0.032979488372802734
0.03297758102416992
0.031983375549316406
0.033011674880981445
0.031000852584838867
0.03203272819519043
0.031013011932373047
0.03200101852416992
0.030997753143310547
0.03197193145751953
0.030998706817626953
0.031023740768432617
0.0309755802154541
0.03297162055969238
0.031999826431274414
0.03301382064819336
0.030971050262451172
0.03301858901977539
0.030977487564086914
0.03296542167663574
0.030031204223632812
0.031002044677734375
0.031996726989746094
0.03396034240722656
0.03199911117553711
0.03199887275695801
0.030967235565185547
0.03297138214111328
0.030036449432373047
0.0319974422454834
0.031032800674438477
0.03096294403076172
0.03299880027770996
0.031998395919799805
0.031996965408325195
0.031002044677734375
0.031000137329101562
0.03300333023071289
0.03199505805969238
0.03301215171813965
0.030986785888671875
0.03203582763671875
0.03200078010559082
0.03200078010559082
0.031011581420898438
0.030997037887573242
0.033002376556396484
0.03198957443237305
0.030965566635131836
0.032990455627441406
0.030999183654785156
0.033971309661865234
0.03199887275695801
0.0319979190826416
0.03098440170288086
0.03303074836730957
0.03200054168701172
0.032968997955322266
0.03199887275695801
0.03298473358154297
0.03198671340942383
0.03299665451049805
0.030944347381591797
0.03198814392089844
0.030007600784301758
0.032956838607788086
0.030031204223632812
0.03299880027770996
0.03200101852416992
0.032967329025268555
0.03099989891052246
0.03199934959411621
0.03099846839904785
0.03398919105529785
0.031036853790283203
0.0319979190826416
0.03197026252746582
0.031005859375
0.03096294403076172
0.03300046920776367
0.031999826431274414
0.03299856185913086
0.03099846839904785
0.03299903869628906
0.031012773513793945
0.03397679328918457
0.030998945236206055
0.033036231994628906
0.029985666275024414
0.03299593925476074
0.03197789192199707
0.03300070762634277
0.03196978569030762
0.03198528289794922
0.0310056209564209
0.03200340270996094
0.03197789192199707
0.03299522399902344
0.03200221061706543
0.03297090530395508
0.03200125694274902
0.030971050262451172
0.031003475189208984
0.03299522399902344
0.0300295352935791
0.031977176666259766
0.030998706817626953
0.03297305107116699
0.031998395919799805
0.03200197219848633
0.03300809860229492
0.030995607376098633
0.03199934959411621
0.031999826431274414
0.031998395919799805
0.030998706817626953
0.03199887275695801
0.032988548278808594
0.03300023078918457
0.03201174736022949
0.031996726989746094
0.030997037887573242
0.03299880027770996
0.03201103210449219
0.03198742866516113
0.03399085998535156
0.03101372718811035
0.03296828269958496
0.03101205825805664
0.03299832344055176
0.030977487564086914
0.03298807144165039
0.032003164291381836
0.03200173377990723
0.030968189239501953
0.031999826431274414
0.031996965408325195
0.031975507736206055
0.03200054168701172
0.03201127052307129
0.03096628189086914
0.03199481964111328
0.0300290584564209
0.03200125694274902
0.03104686737060547
0.03299975395202637
0.032010555267333984
0.031998634338378906
0.031977176666259766
0.03102850914001465
0.029982328414916992
0.03196525573730469
0.030999422073364258
0.032999515533447266
0.03103351593017578
0.031001567840576172
0.032004356384277344
0.03299760818481445
0.029996871948242188
0.03198695182800293
0.032007694244384766
0.03099846839904785
0.03099656105041504
0.03201127052307129
0.03098893165588379
0.03399968147277832
0.0299985408782959
0.0319979190826416
0.030999183654785156
0.03199934959411621
0.029999494552612305
0.030998945236206055
0.03099822998046875
0.03199934959411621
0.031002521514892578
0.03299832344055176
0.03199958801269531
0.032999277114868164
0.029999732971191406
0.03099989891052246
0.031002521514892578
0.03201866149902344
0.030998945236206055
0.03300142288208008
0.030997753143310547
0.030998945236206055
0.03300356864929199
0.03199911117553711
0.029984235763549805
0.0319979190826416
0.030986547470092773
0.032000064849853516
0.031000375747680664
0.03299903869628906
0.030000686645507812
0.031000852584838867
0.030000925064086914
0.032007694244384766
0.030991315841674805
0.032999277114868164
0.03099989891052246
0.03300166130065918
0.03000020980834961
0.03298616409301758
0.031000614166259766
0.03300333023071289
0.03099846839904785
0.030992746353149414
0.0319974422454834
0.03196907043457031
0.032036542892456055
0.03200268745422363
0.03300929069519043
0.0299985408782959
0.03197646141052246
0.03298640251159668
0.03201031684875488
0.035005807876586914
0.03202033042907715
0.03402519226074219
0.03101205825805664
0.033976078033447266
0.02999711036682129
0.03298687934875488
0.02998495101928711
0.03199958801269531
0.03101325035095215
0.03300619125366211
0.031998634338378906
0.03299903869628906
0.03099679946899414
0.03399944305419922
0.029987335205078125
0.031998634338378906
0.032000064849853516
0.03200984001159668
0.031011104583740234
0.030998945236206055
0.02899932861328125
0.03400063514709473
0.030999422073364258
0.03199887275695801
0.029999494552612305
0.03200197219848633
0.03099966049194336
0.03098320960998535
0.033000946044921875
0.03200531005859375
0.031000137329101562
0.03200030326843262
0.03199958801269531
0.03305697441101074
0.03193950653076172
0.03199934959411621
0.03103923797607422
0.03198957443237305
0.03102421760559082
0.0320131778717041
0.030987024307250977
0.03299736976623535
0.031000375747680664
0.03297019004821777
0.031996726989746094
0.03296685218811035
0.03103041648864746
0.06398582458496094
0.030999183654785156
0.0390009880065918
0.02899909019470215
0.0299990177154541
0.0299990177154541
0.03099966049194336
0.032999277114868164
0.02899909019470215
0.033014774322509766
0.030985116958618164
0.03199887275695801
0.031000375747680664
0.03099822998046875
0.03199911117553711
0.031012296676635742
0.030987024307250977
0.033004045486450195
0.030999183654785156
0.03199958801269531
0.0319979190826416
0.03200840950012207
0.031981706619262695
0.031986236572265625
0.03199911117553711
0.030991792678833008
0.03099989891052246
0.033974409103393555
0.030033111572265625
0.0330197811126709
0.03197741508483887
0.034058570861816406
0.031001806259155273
0.03200101852416992
0.030986785888671875
0.03299736976623535
0.03097844123840332
0.03299689292907715
0.031032562255859375
0.031996965408325195
0.03099989891052246
0.032024383544921875
0.03197526931762695
0.03099226951599121
0.032000064849853516
0.03200030326843262
0.031000614166259766
0.032030582427978516
0.03097391128540039
0.03202104568481445
0.03197789192199707
0.031998395919799805
0.03099966049194336
0.031015872955322266
0.03199052810668945
0.031000137329101562
0.03299880027770996
0.02999711036682129
0.030997753143310547
0.03200387954711914
0.03200125694274902
0.031999826431274414
0.029999256134033203
0.030984878540039062
0.03096294403076172
0.031049251556396484
0.030983924865722656
0.03200197219848633
0.03099846839904785
0.03301882743835449
0.03096938133239746
0.03397488594055176
0.03200221061706543
0.029999732971191406
0.030000686645507812
0.03297090530395508
0.032000064849853516
0.030971288681030273
0.03299975395202637
0.033014535903930664
0.0319981575012207
0.0319976806640625
0.030000686645507812
0.031028032302856445
0.031966447830200195
0.03299140930175781
0.030013561248779297
0.032978057861328125
0.031034469604492188
0.03202342987060547
0.03199958801269531
0.03200697898864746
0.031978607177734375
0.03199887275695801
0.029967546463012695
0.031000375747680664
0.03200531005859375
0.033028364181518555
0.03097844123840332
0.03299975395202637
0.0320124626159668
0.03198504447937012
0.031005144119262695
0.03300213813781738
0.03099656105041504
0.03202462196350098
0.030979394912719727
0.031009912490844727
0.030965566635131836
0.030986785888671875
0.032011985778808594
0.03300189971923828
0.029970645904541016
0.030962467193603516
0.030998706817626953
0.031000852584838867
0.03099799156188965
0.032024383544921875
0.030988693237304688
0.03200221061706543
0.030984878540039062
0.0319979190826416
0.03199934959411621
0.033013343811035156
0.030984163284301758
0.033000946044921875
0.030999183654785156
0.03400063514709473
0.030999183654785156
0.031998395919799805
0.03099989891052246
0.03299999237060547
0.0330045223236084
0.03298521041870117
0.031999826431274414
0.032001495361328125
0.03101325035095215
0.03099989891052246
0.03100895881652832
0.03199934959411621
0.03199934959411621
0.0319828987121582
0.031000614166259766
0.03300118446350098
0.032000064849853516
0.03199934959411621
0.03199958801269531
0.031999826431274414
0.03099989891052246
0.03199887275695801
0.031999826431274414
0.03200101852416992
0.03099679946899414
0.03199601173400879
0.030998945236206055
0.0319981575012207
0.030001163482666016
0.03299975395202637
0.030999183654785156
0.032012939453125
0.031006813049316406
0.03299903869628906
0.032000064849853516
0.03299832344055176
0.03099989891052246
0.03200197219848633
0.030999183654785156
0.03099966049194336
0.03199648857116699
0.031000137329101562
0.030997753143310547
0.016000032424926758
