3.6299989223480225
0.03799700736999512
0.03802633285522461
0.03998541831970215
0.035999298095703125
0.03300619125366211
0.03296995162963867
0.03599977493286133
0.03399968147277832
0.033998966217041016
0.030029296875
0.03400158882141113
0.03203248977661133
0.03398418426513672
0.03203415870666504
0.03297758102416992
0.030987024307250977
0.03199911117553711
0.031009197235107422
0.031998395919799805
0.03000617027282715
0.031032085418701172
0.03099989891052246
0.03301215171813965
0.030001401901245117
0.032997846603393555
0.03200101852416992
0.031998395919799805
0.03299975395202637
0.03203582763671875
0.03199601173400879
0.03200888633728027
0.0309603214263916
0.031995534896850586
0.03198671340942383
0.03199934959411621
0.030982255935668945
0.03196382522583008
0.032998085021972656
0.03199934959411621
0.03200030326843262
0.031999826431274414
0.030999422073364258
0.03103804588317871
0.02995753288269043
0.031008005142211914
0.03199052810668945
0.03199887275695801
0.03099989891052246
0.031999826431274414
0.03000617027282715
0.033004045486450195
0.029997825622558594
0.031006813049316406
0.03199124336242676
0.03299832344055176
0.03099966049194336
0.031998395919799805
0.03099989891052246
0.03300952911376953
0.0309903621673584
0.031032085418701172
0.029964685440063477
0.03299903869628906
0.03103351593017578
0.029998779296875
0.030998706817626953
0.03099989891052246
0.031999826431274414
0.03196454048156738
0.045998573303222656
0.05199933052062988
0.036997318267822266
0.03099846839904785
0.029998064041137695
0.029997825622558594
0.030998945236206055
0.029999971389770508
0.03101491928100586
0.030987977981567383
0.029997587203979492
0.03099822998046875
0.03200221061706543
0.0319974422454834
0.03299856185913086
0.030998706817626953
0.03199911117553711
0.031002283096313477
0.03399920463562012
0.029999256134033203
0.032962799072265625
0.03200030326843262
0.0320127010345459
0.030999183654785156
0.029999971389770508
0.03299903869628906
0.03101515769958496
0.032004356384277344
0.031998634338378906
0.029999494552612305
0.03300118446350098
0.03099679946899414
0.03198838233947754
0.031998395919799805
0.03198885917663574
0.030997276306152344
0.034001827239990234
0.02999711036682129
0.031998395919799805
0.03200960159301758
0.031987905502319336
0.031998634338378906
0.0319979190826416
0.032000064849853516
0.032006025314331055
0.030998706817626953
0.03198742866516113
0.028998374938964844
0.032000064849853516
0.030998945236206055
0.032990455627441406
0.031000852584838867
0.03199958801269531
0.031005144119262695
0.03200984001159668
0.030998706817626953
0.03200411796569824
0.031009674072265625
0.03500080108642578
0.03299903869628906
0.03399825096130371
0.03199934959411621
0.030998706817626953
0.03300070762634277
0.031998634338378906
0.031002044677734375
0.044000864028930664
0.03499865531921387
0.04300379753112793
0.031999826431274414
0.03299903869628906
0.0319972038269043
0.029999256134033203
0.032999515533447266
0.03599953651428223
0.032997846603393555
0.0319974422454834
0.031998395919799805
0.03099799156188965
0.032999277114868164
0.031002044677734375
0.0339970588684082
0.029998064041137695
0.03299903869628906
0.031000137329101562
0.03399777412414551
0.03099966049194336
0.03499937057495117
0.032999277114868164
0.03299832344055176
0.029999971389770508
0.03099846839904785
0.029999256134033203
0.03200173377990723
0.03299665451049805
0.030998706817626953
0.030999183654785156
0.0319976806640625
0.030999183654785156
0.03199958801269531
0.031008481979370117
0.03099822998046875
0.03000020980834961
0.030998706817626953
0.03099656105041504
0.03099846839904785
0.031001567840576172
0.030002832412719727
0.03199911117553711
0.03200197219848633
0.030982255935668945
0.033002614974975586
0.03098320960998535
0.03200054168701172
0.031000852584838867
0.03300070762634277
0.03099822998046875
0.03400158882141113
0.03499937057495117
0.03399848937988281
0.030999422073364258
0.03299975395202637
0.03200054168701172
0.03299832344055176
0.03300023078918457
0.031998634338378906
0.030998945236206055
0.03299975395202637
0.02899932861328125
0.03199005126953125
0.03899955749511719
0.03699994087219238
0.03299856185913086
0.03199911117553711
0.030992746353149414
0.032998085021972656
0.03099966049194336
0.0319974422454834
0.029998064041137695
0.0299985408782959
0.028998613357543945
0.03199934959411621
0.030999422073364258
0.03099989891052246
0.030989885330200195
0.03099966049194336
0.030997276306152344
0.03600120544433594
0.033986568450927734
0.035997867584228516
0.032001495361328125
0.0319974422454834
0.029998302459716797
0.03299975395202637
0.030998706817626953
0.030004262924194336
0.0299985408782959
0.031010866165161133
0.03099536895751953
0.030997037887573242
0.0319979190826416
0.032997846603393555
0.029998779296875
0.033000946044921875
0.029998064041137695
0.030999183654785156
0.031000137329101562
0.031998395919799805
0.030997753143310547
0.03299975395202637
0.030999422073364258
0.032997846603393555
0.030997037887573242
0.033005714416503906
0.03300213813781738
0.03199934959411621
0.031000614166259766
0.031000614166259766
0.03100109100341797
0.03100275993347168
0.028999805450439453
0.031999826431274414
0.029999494552612305
0.03199887275695801
0.03400254249572754
0.044999122619628906
0.0319972038269043
0.03200197219848633
0.03400158882141113
0.0449984073638916
0.0359952449798584
0.031999826431274414
0.03399777412414551
0.03099822998046875
0.03200030326843262
0.031000375747680664
0.03499746322631836
0.03199934959411621
0.030999422073364258
0.02999734878540039
0.029998302459716797
0.029998779296875
0.030997037887573242
0.03300023078918457
0.032999277114868164
0.031000137329101562
0.03099656105041504
0.0299985408782959
0.032037973403930664
0.0319979190826416
0.03300070762634277
0.033997297286987305
0.03899741172790527
0.030997514724731445
0.032999277114868164
0.0299990177154541
0.031999826431274414
0.030000686645507812
0.03200078010559082
0.03599739074707031
0.043001413345336914
0.0429995059967041
0.03599905967712402
0.032000064849853516
0.03199887275695801
0.029998302459716797
0.0319979190826416
0.03300070762634277
0.037999629974365234
0.033997535705566406
0.03299665451049805
0.031001567840576172
0.03499913215637207
0.03199887275695801
0.03199911117553711
0.029999971389770508
0.032997846603393555
0.030003786087036133
0.030998945236206055
0.030998706817626953
0.03300213813781738
0.03199887275695801
0.03299999237060547
0.030998706817626953
0.03400015830993652
0.030999422073364258
0.03500032424926758
0.03198599815368652
0.03400135040283203
0.030997037887573242
0.03299975395202637
0.029998779296875
0.042000532150268555
0.03699660301208496
0.035001277923583984
0.030996322631835938
0.033998727798461914
0.03099989891052246
0.03099799156188965
0.03200554847717285
0.03400063514709473
0.031005382537841797
0.03100895881652832
0.029998064041137695
0.030998706817626953
0.029997825622558594
0.03300189971923828
0.02899956703186035
0.030996084213256836
0.03099989891052246
0.03199958801269531
0.029999494552612305
0.030997276306152344
0.0299985408782959
0.03300046920776367
0.03199887275695801
0.030998945236206055
0.0330047607421875
0.032998085021972656
0.03000044822692871
0.030999183654785156
0.03099989891052246
0.03200078010559082
0.032000064849853516
0.0299990177154541
0.03099799156188965
0.03199934959411621
0.029997825622558594
0.03300189971923828
0.0319976806640625
0.03199934959411621
0.030997753143310547
0.03300166130065918
0.03199911117553711
0.030997276306152344
0.03099822998046875
0.03399825096130371
0.03099799156188965
0.031999826431274414
0.031011343002319336
0.032999515533447266
0.03099966049194336
0.016988039016723633
0.03699827194213867
0.03499650955200195
0.03399825096130371
0.0360105037689209
0.0319972038269043
0.034000396728515625
0.030998706817626953
0.03400111198425293
0.03100132942199707
0.03400111198425293
0.03200030326843262
0.03299975395202637
0.03000020980834961
0.034002065658569336
0.0319974422454834
0.032987117767333984
0.033013343811035156
0.061002254486083984
0.04399704933166504
0.030998945236206055
0.029996871948242188
0.03199195861816406
0.033000946044921875
0.03500080108642578
0.03999972343444824
0.0429995059967041
0.03699946403503418
0.030998945236206055
0.033995866775512695
0.03599977493286133
0.041999101638793945
0.03300023078918457
0.03299736976623535
0.029998779296875
0.03100109100341797
0.03099846839904785
0.030997753143310547
0.02999734878540039
0.03400015830993652
0.03300070762634277
0.03599905967712402
0.03200030326843262
0.03099822998046875
0.032999515533447266
0.03200221061706543
0.030997037887573242
0.033998727798461914
0.031999826431274414
0.03400087356567383
0.03299880027770996
0.03199887275695801
0.029999494552612305
0.03399825096130371
0.02899956703186035
0.031003713607788086
0.029998779296875
0.031999826431274414
0.031000852584838867
0.03100132942199707
0.029000043869018555
0.03300046920776367
0.030000925064086914
0.03100109100341797
0.029998064041137695
0.03199911117553711
0.031000614166259766
0.03099822998046875
0.03300046920776367
0.03299832344055176
0.03101205825805664
0.03200030326843262
0.030999183654785156
0.032999277114868164
0.030998945236206055
0.03099966049194336
0.031002044677734375
0.03200125694274902
0.029998064041137695
0.03099846839904785
0.029998302459716797
0.03099822998046875
0.030999183654785156
0.03000020980834961
0.02999734878540039
0.03199887275695801
0.030999183654785156
0.03299856185913086
0.03101491928100586
0.03099989891052246
0.03000020980834961
0.031999826431274414
0.029999256134033203
0.031000375747680664
0.030000925064086914
0.03200864791870117
0.031991004943847656
0.031999826431274414
0.030000686645507812
0.03099822998046875
0.029998064041137695
0.03100109100341797
0.031001806259155273
0.03200173377990723
0.0319974422454834
0.031001806259155273
0.03199911117553711
0.030999422073364258
0.031000375747680664
0.03099989891052246
0.03200078010559082
0.031001806259155273
0.0319981575012207
0.0319974422454834
0.031002521514892578
0.031000614166259766
0.032996177673339844
0.029997825622558594
0.029997825622558594
0.03200125694274902
0.03200340270996094
0.031011581420898438
0.03099966049194336
0.03099822998046875
0.029997825622558594
0.030997037887573242
0.03099989891052246
0.031998634338378906
0.031000375747680664
0.029999971389770508
0.03099989891052246
0.0319981575012207
0.03000164031982422
0.034006595611572266
0.0299985408782959
0.0299990177154541
0.030999183654785156
0.03200173377990723
0.029996395111083984
0.03200244903564453
0.0319972038269043
0.033998966217041016
0.03099989891052246
0.03299665451049805
0.029999732971191406
0.030999183654785156
0.031002521514892578
0.03600168228149414
0.061998605728149414
0.05199766159057617
0.0429990291595459
0.031998634338378906
0.029998302459716797
0.03599905967712402
0.02999711036682129
0.04999852180480957
0.03200030326843262
0.029999971389770508
0.029999732971191406
0.031000137329101562
0.03199887275695801
0.031999826431274414
0.03100275993347168
0.030999422073364258
0.03299999237060547
0.032999515533447266
0.03798937797546387
0.03299856185913086
0.0409998893737793
0.04000139236450195
0.033000946044921875
0.03700089454650879
0.035997629165649414
0.04000139236450195
0.03400301933288574
0.03800225257873535
0.03799843788146973
0.032999277114868164
0.03400158882141113
0.03300762176513672
0.0339968204498291
0.033000946044921875
0.0319979190826416
0.030997753143310547
0.03399825096130371
0.030997037887573242
0.03199958801269531
0.031001567840576172
0.03499746322631836
0.03300189971923828
0.031998395919799805
0.03300118446350098
0.03298544883728027
0.030998945236206055
0.03399920463562012
0.03400230407714844
0.03299903869628906
0.03300189971923828
0.0359952449798584
0.03500103950500488
0.033997297286987305
0.03199958801269531
0.03099799156188965
0.03600144386291504
0.032999277114868164
0.03299903869628906
0.032999515533447266
0.030998945236206055
0.03299689292907715
0.03200054168701172
0.03400015830993652
0.0319976806640625
0.03300046920776367
0.03500080108642578
0.035997629165649414
0.03300070762634277
0.03300142288208008
0.0320124626159668
0.03399968147277832
0.033005714416503906
0.03699779510498047
0.03299975395202637
0.03799772262573242
0.03199887275695801
0.03399944305419922
0.032001495361328125
0.03400874137878418
0.030989885330200195
0.03198432922363281
0.031003952026367188
0.03400111198425293
0.03400063514709473
0.0449986457824707
0.035001277923583984
0.030986785888671875
0.031000375747680664
0.03400111198425293
0.034996986389160156
0.03299975395202637
0.03299760818481445
0.032998085021972656
0.033987998962402344
0.03199887275695801
0.03299880027770996
0.05500221252441406
0.037999868392944336
0.03199887275695801
0.031999826431274414
0.03299880027770996
0.032998085021972656
0.03199458122253418
0.03400158882141113
0.03599953651428223
0.037996530532836914
0.03200078010559082
0.03199958801269531
0.03099989891052246
0.03099656105041504
0.030004501342773438
0.03300118446350098
0.03199887275695801
0.033997535705566406
0.032000064849853516
0.032003164291381836
0.030998706817626953
0.03399991989135742
0.029998302459716797
0.0319981575012207
0.03100275993347168
0.03299736976623535
0.030999422073364258
0.03400015830993652
0.03099799156188965
0.03200221061706543
0.029996156692504883
0.03300166130065918
0.029997587203979492
0.03099966049194336
0.030001401901245117
0.03099966049194336
0.030998706817626953
0.03200101852416992
0.03200078010559082
0.033000946044921875
0.031011581420898438
0.031995534896850586
0.03099822998046875
0.0320124626159668
0.03198695182800293
0.031995296478271484
0.031000375747680664
0.03200078010559082
0.030999422073364258
0.03199005126953125
0.030998706817626953
0.03400254249572754
0.06699895858764648
0.0319979190826416
0.03299856185913086
0.030999422073364258
0.0319974422454834
0.03200268745422363
0.03199887275695801
0.029997825622558594
0.03299260139465332
0.030999183654785156
0.03300189971923828
0.03299880027770996
0.030009984970092773
0.03201150894165039
0.03300118446350098
0.03200054168701172
0.030999183654785156
0.03200125694274902
0.03299880027770996
0.031000375747680664
0.03399920463562012
0.031999826431274414
0.033997297286987305
0.03299975395202637
0.032999515533447266
0.031000852584838867
0.031998634338378906
0.029001951217651367
0.03199887275695801
0.03099989891052246
0.029998302459716797
0.030000686645507812
0.031009674072265625
0.029999256134033203
0.03200030326843262
0.031000137329101562
0.03300166130065918
0.03299999237060547
0.03200101852416992
0.030008316040039062
0.03200030326843262
0.03299903869628906
0.03299903869628906
0.031999826431274414
0.031998634338378906
0.030997037887573242
0.03199911117553711
0.030999422073364258
0.03199958801269531
0.029997587203979492
0.0319976806640625
0.03100109100341797
0.03200030326843262
0.030974388122558594
0.03399848937988281
0.03200674057006836
0.03199887275695801
0.03199934959411621
0.03299880027770996
0.030999183654785156
0.03200840950012207
0.0319979190826416
0.03300070762634277
0.03299999237060547
0.0319976806640625
0.03100728988647461
0.032007455825805664
0.031000614166259766
0.03200221061706543
0.03199958801269531
0.032001495361328125
0.030997514724731445
0.0319976806640625
0.03400063514709473
0.03200030326843262
0.02999401092529297
0.030998945236206055
0.015998125076293945
0.051998138427734375
0.03399467468261719
0.031000137329101562
0.03099966049194336
0.02999734878540039
0.03199911117553711
0.029996156692504883
0.0299985408782959
0.029998064041137695
0.032000064849853516
0.030998945236206055
0.03300023078918457
0.03099966049194336
0.03399944305419922
0.03200054168701172
0.03598928451538086
0.03199934959411621
0.03399801254272461
0.03299832344055176
0.03399991989135742
0.029998302459716797
0.032000064849853516
0.029999494552612305
0.03299999237060547
0.03200030326843262
0.03200101852416992
0.028996944427490234
0.030997753143310547
0.031001806259155273
0.030985116958618164
0.030001401901245117
0.02900075912475586
0.031001567840576172
0.03199958801269531
0.030999422073364258
0.03299975395202637
0.031998395919799805
0.03300070762634277
0.030999422073364258
0.031987667083740234
0.03200101852416992
0.030000686645507812
0.02999711036682129
0.029998779296875
0.030998945236206055
0.032000064849853516
0.0299985408782959
0.03099989891052246
0.029000043869018555
0.032999515533447266
0.029999732971191406
0.0310056209564209
0.029999494552612305
0.03199958801269531
0.03099799156188965
0.032997846603393555
0.03199911117553711
0.030998706817626953
0.030998706817626953
0.03400087356567383
0.03099989891052246
0.03199911117553711
0.030999183654785156
0.03299832344055176
0.031999826431274414
0.032012939453125
0.029998302459716797
0.033997297286987305
0.03200101852416992
0.03199911117553711
0.03099536895751953
0.030997514724731445
0.030009984970092773
0.03200101852416992
0.029996871948242188
0.031011104583740234
0.030995607376098633
0.031002044677734375
0.03200554847717285
0.03800058364868164
0.030997276306152344
0.031998634338378906
0.03099846839904785
0.0319979190826416
0.03199911117553711
0.03300023078918457
0.04800128936767578
0.03599905967712402
0.042000770568847656
0.03200054168701172
0.030010700225830078
0.03400301933288574
0.032003164291381836
0.0319979190826416
0.029999494552612305
0.03099846839904785
0.029999732971191406
0.03099989891052246
0.03102421760559082
0.03200101852416992
0.03102874755859375
0.031002044677734375
0.030998706817626953
0.032999515533447266
0.030970335006713867
0.03299903869628906
0.03198599815368652
0.0299990177154541
0.03099846839904785
0.03100109100341797
0.02999734878540039
0.030997514724731445
0.030030012130737305
0.030997753143310547
0.031003952026367188
0.030997753143310547
0.03199958801269531
0.028998851776123047
0.030999422073364258
0.03000020980834961
0.03199958801269531
0.030999422073364258
0.031033992767333984
0.03199934959411621
0.03099989891052246
0.0319976806640625
0.028998851776123047
0.029998064041137695
0.030998945236206055
0.03299260139465332
0.03199887275695801
0.03301215171813965
0.03100132942199707
0.03499960899353027
0.03300070762634277
0.03299975395202637
0.030997276306152344
0.031000852584838867
0.029999494552612305
0.03300189971923828
0.02899765968322754
0.031001806259155273
0.03099656105041504
0.03099822998046875
0.029993295669555664
0.03200030326843262
0.030998945236206055
0.030998945236206055
0.03099846839904785
0.031992435455322266
0.03099846839904785
0.029998779296875
0.033998727798461914
0.0319981575012207
0.029999732971191406
0.03200197219848633
0.029998302459716797
0.03199887275695801
0.03200173377990723
0.03301262855529785
0.031984806060791016
0.03200078010559082
0.031000137329101562
0.032999277114868164
0.030970335006713867
0.03398752212524414
0.030974864959716797
0.031999826431274414
0.030002355575561523
0.031998634338378906
0.03103780746459961
0.02901291847229004
0.031000852584838867
0.03098917007446289
0.03199601173400879
0.03097081184387207
0.03300333023071289
0.03200221061706543
0.031040191650390625
0.031995534896850586
0.030997037887573242
0.03099966049194336
0.031989097595214844
0.033004045486450195
0.032006263732910156
0.03199958801269531
0.030999422073364258
0.03200125694274902
0.030997514724731445
0.033997535705566406
0.030011892318725586
0.032999515533447266
0.031000614166259766
0.03198885917663574
0.030998706817626953
0.03299999237060547
0.030999183654785156
0.03200197219848633
0.031000614166259766
0.03299832344055176
0.03300023078918457
0.03000020980834961
0.03099799156188965
0.029999256134033203
0.031011104583740234
0.03199005126953125
0.03199887275695801
0.03299856185913086
0.0299990177154541
0.03399968147277832
0.03099989891052246
0.03200054168701172
0.03099989891052246
0.03099846839904785
0.03201150894165039
0.032010555267333984
0.029998779296875
0.03300142288208008
0.031999826431274414
0.03099822998046875
0.0299990177154541
0.03400278091430664
0.033005475997924805
0.03398489952087402
0.031998395919799805
0.03300285339355469
0.0319981575012207
0.03199887275695801
0.030002593994140625
0.031996726989746094
0.03099822998046875
0.031000614166259766
0.028998136520385742
0.029999971389770508
0.02999734878540039
0.03099822998046875
0.028997421264648438
0.031998634338378906
0.03099822998046875
0.031998395919799805
0.030997514724731445
0.035997629165649414
0.03200268745422363
0.03198695182800293
0.031000852584838867
0.03399515151977539
0.032000064849853516
0.03300619125366211
0.03199267387390137
0.03299999237060547
0.028998851776123047
0.031999826431274414
0.031000375747680664
0.03300189971923828
0.03199887275695801
0.03400015830993652
0.032001495361328125
0.034999847412109375
0.031998634338378906
0.03299665451049805
0.031000852584838867
0.0319979190826416
0.032999277114868164
0.03200125694274902
0.030999422073364258
0.033998966217041016
0.03100109100341797
0.059999704360961914
0.03999781608581543
0.031999826431274414
0.030000925064086914
0.03099822998046875
0.03000044822692871
0.030997037887573242
0.029998064041137695
0.029998302459716797
0.03000044822692871
0.03099846839904785
0.030000686645507812
0.032999277114868164
0.030996322631835938
0.03499889373779297
0.031996965408325195
0.032999277114868164
0.0319972038269043
0.03900742530822754
0.031992197036743164
0.031996965408325195
0.031000614166259766
0.03899741172790527
0.03200030326843262
0.03200125694274902
0.029997825622558594
0.030997753143310547
0.03099989891052246
0.030999422073364258
0.0299985408782959
0.029998064041137695
0.02899932861328125
0.03199958801269531
0.029998779296875
0.03400111198425293
0.03200125694274902
0.032000064849853516
0.030999422073364258
0.03499245643615723
0.03399920463562012
0.031004905700683594
0.034003257751464844
0.031009674072265625
0.03399062156677246
0.031992197036743164
0.030001401901245117
0.03300189971923828
0.029996156692504883
0.03100132942199707
0.030998706817626953
0.029996871948242188
0.030999183654785156
0.032000064849853516
0.02899909019470215
0.030999183654785156
0.029998302459716797
0.03200173377990723
0.029996871948242188
0.030999183654785156
0.028999805450439453
0.03199911117553711
0.031000137329101562
0.032999277114868164
0.02900075912475586
0.03199958801269531
0.03199887275695801
0.03299975395202637
0.03099799156188965
0.03300142288208008
0.032997846603393555
0.03300023078918457
0.029998779296875
0.033998966217041016
0.030000686645507812
0.03199911117553711
0.028997182846069336
0.031000137329101562
0.029999971389770508
0.030997753143310547
0.030010461807250977
0.030998706817626953
0.029998779296875
0.030994176864624023
0.028998374938964844
0.03099966049194336
0.032006025314331055
0.03199911117553711
0.03099846839904785
0.0319981575012207
0.031998634338378906
0.031002044677734375
0.029990434646606445
0.031000375747680664
0.03200507164001465
0.0319976806640625
0.029998779296875
0.03198671340942383
0.0299990177154541
0.03200054168701172
0.031996726989746094
0.032999515533447266
0.0319972038269043
0.03299856185913086
0.03200101852416992
0.03299975395202637
0.014000892639160156
0.03499960899353027
0.034000396728515625
0.03099799156188965
0.0540003776550293
0.03199911117553711
0.03399920463562012
0.031998634338378906
0.03000187873840332
0.02899622917175293
0.02999734878540039
0.029998302459716797
0.03099846839904785
0.028998851776123047
0.03199958801269531
0.03000020980834961
0.03202962875366211
0.029999732971191406
0.031999826431274414
0.0299985408782959
0.032009124755859375
0.031987905502319336
0.03298616409301758
0.03000473976135254
0.03099989891052246
0.03299832344055176
0.03200101852416992
0.032000064849853516
0.03200054168701172
0.030998706817626953
0.03299713134765625
0.030003070831298828
0.032998085021972656
0.031000375747680664
0.03199887275695801
0.032000064849853516
0.03298759460449219
0.0299990177154541
0.032000064849853516
0.031999826431274414
0.03199934959411621
0.031000375747680664
0.03099989891052246
0.03099966049194336
0.03199958801269531
0.03299856185913086
0.035001277923583984
0.032999277114868164
0.03500080108642578
0.03299665451049805
0.03500103950500488
0.030998706817626953
0.033995866775512695
0.031996965408325195
0.06400227546691895
0.03300118446350098
0.030995607376098633
0.029986143112182617
0.033998727798461914
0.030998706817626953
0.0319976806640625
0.031000137329101562
0.031002044677734375
0.029996156692504883
0.02999711036682129
0.031000614166259766
0.030994415283203125
0.0299985408782959
0.030999422073364258
0.03099989891052246
0.030998945236206055
0.030997276306152344
0.03199934959411621
0.028998851776123047
0.030997753143310547
0.03299832344055176
0.030995845794677734
0.031008005142211914
0.03500056266784668
0.030999422073364258
0.034999847412109375
0.03300046920776367
0.03499579429626465
0.03300023078918457
0.032999515533447266
0.03299975395202637
0.032996177673339844
0.03200101852416992
0.034996747970581055
0.03300070762634277
0.03400063514709473
0.032001495361328125
0.03299903869628906
0.02899765968322754
0.03299975395202637
0.02899956703186035
0.0319976806640625
0.03198504447937012
0.032999277114868164
0.03300070762634277
0.03300070762634277
0.030999183654785156
0.03299903869628906
0.03200364112854004
0.032997846603393555
0.0319972038269043
0.03299689292907715
0.03199625015258789
0.03200101852416992
0.032998085021972656
0.033002376556396484
0.032998085021972656
0.03400230407714844
0.03599977493286133
0.03700065612792969
0.032997846603393555
0.032999277114868164
0.030998706817626953
0.03298473358154297
0.0319979190826416
0.032000064849853516
0.03199958801269531
0.0319976806640625
0.03100132942199707
0.03198504447937012
0.03300023078918457
0.03099822998046875
0.030004024505615234
0.0319979190826416
0.03299999237060547
0.031998634338378906
0.040999412536621094
0.03299999237060547
0.031995534896850586
0.0319981575012207
0.03300189971923828
0.03299736976623535
0.03399825096130371
0.03500080108642578
0.032999515533447266
0.033986568450927734
0.03299856185913086
0.03199958801269531
0.029998302459716797
0.03200030326843262
0.0330049991607666
0.033005714416503906
0.03499436378479004
0.032994747161865234
0.03200554847717285
0.031996726989746094
0.03200078010559082
0.03299856185913086
0.03099989891052246
0.0319976806640625
0.03000020980834961
0.03601217269897461
0.030000686645507812
0.03299665451049805
0.03001093864440918
0.03300070762634277
0.03299880027770996
0.032996416091918945
0.03299832344055176
0.03300213813781738
0.031998634338378906
0.040996551513671875
0.03200030326843262
0.03299736976623535
0.03399848937988281
0.03298640251159668
0.03000330924987793
0.03299713134765625
0.03100132942199707
0.03399991989135742
0.031004667282104492
0.03300929069519043
0.030998706817626953
0.032999515533447266
0.031002283096313477
0.03200078010559082
0.031000375747680664
0.03299880027770996
0.03099846839904785
0.03298759460449219
0.03200054168701172
0.031998634338378906
0.03000164031982422
0.03299760818481445
0.03200173377990723
0.0339968204498291
0.03299856185913086
0.03299975395202637
0.03299713134765625
0.03299880027770996
0.03299975395202637
0.031999826431274414
0.031998634338378906
0.03400707244873047
0.030993223190307617
0.03400135040283203
0.03099679946899414
0.0319979190826416
0.03200030326843262
0.03299880027770996
0.03200030326843262
0.032999277114868164
0.03300142288208008
0.03299832344055176
0.029997587203979492
0.031998634338378906
0.029000043869018555
0.03299880027770996
0.029998064041137695
0.03299903869628906
0.03200101852416992
0.03299880027770996
0.03300118446350098
0.03299689292907715
0.031999826431274414
0.03299593925476074
0.03099966049194336
0.030997037887573242
0.03200101852416992
0.03299999237060547
0.03200054168701172
0.032999277114868164
0.04000377655029297
0.06199932098388672
0.049997568130493164
0.03300046920776367
0.031996965408325195
0.03400087356567383
0.03199934959411621
0.03199958801269531
0.029999494552612305
0.032997846603393555
0.031000614166259766
0.03199958801269531
0.030998706817626953
0.03500056266784668
0.03099989891052246
0.03299880027770996
0.03200101852416992
0.030999422073364258
0.03200101852416992
0.03099966049194336
0.03199028968811035
0.03199934959411621
0.030996084213256836
0.03399085998535156
0.030998945236206055
0.03499889373779297
0.03099989891052246
0.03599905967712402
0.03199887275695801
0.03299856185913086
0.03299999237060547
0.03299403190612793
0.03299999237060547
0.032996177673339844
0.030999183654785156
0.03399968147277832
0.02899932861328125
0.0339963436126709
0.03099989891052246
0.033013343811035156
0.03198432922363281
0.03199958801269531
0.03199648857116699
0.029999494552612305
0.032000064849853516
0.029997587203979492
0.03299903869628906
0.03400778770446777
0.031992435455322266
0.03599238395690918
0.032007694244384766
0.03401446342468262
0.03098440170288086
0.034002065658569336
0.03099846839904785
0.03300595283508301
0.030998945236206055
0.03399991989135742
0.03199958801269531
0.0319976806640625
0.03200697898864746
0.030995607376098633
0.0299990177154541
0.03300189971923828
0.03099822998046875
0.03300023078918457
0.030986785888671875
0.032000064849853516
0.03099822998046875
0.03200173377990723
0.029996156692504883
0.03500032424926758
0.03199911117553711
0.034986257553100586
0.031996965408325195
0.035001277923583984
0.031995534896850586
0.03399968147277832
0.03299903869628906
0.031999826431274414
0.0320131778717041
0.03199958801269531
0.03199887275695801
0.0319979190826416
0.034001827239990234
0.03199434280395508
0.03300213813781738
0.032998085021972656
0.03399944305419922
0.03600168228149414
0.03200101852416992
0.03399991989135742
0.03099966049194336
0.03399991989135742
0.029998302459716797
0.036000728607177734
0.04399991035461426
0.03299903869628906
0.050997018814086914
0.03400278091430664
0.0319979190826416
0.032999277114868164
0.03200101852416992
0.03299736976623535
0.03299736976623535
0.03199934959411621
0.0319974422454834
0.032999277114868164
0.03299832344055176
0.03299856185913086
0.030998945236206055
0.03199934959411621
0.03199362754821777
0.031998395919799805
0.03099846839904785
0.03398275375366211
0.032000064849853516
0.03299832344055176
0.0319981575012207
0.0340120792388916
0.03198814392089844
0.04500007629394531
0.03499865531921387
0.03799772262573242
0.03599858283996582
0.03499913215637207
0.030997276306152344
0.033998966217041016
0.03200197219848633
0.03400015830993652
0.03400015830993652
0.03300166130065918
0.03099846839904785
0.03500509262084961
0.031000614166259766
0.03299975395202637
0.03200101852416992
0.031996965408325195
0.03099966049194336
0.032998085021972656
0.031996726989746094
0.03300046920776367
0.03200054168701172
0.03399848937988281
0.031000614166259766
0.033998966217041016
0.019000530242919922
