3.8409981727600098
0.1100010871887207
0.03699612617492676
0.033998727798461914
0.03398633003234863
0.06200265884399414
0.04399728775024414
0.04799389839172363
0.03600120544433594
0.03400111198425293
0.03399658203125
0.03399968147277832
0.03599810600280762
0.03299856185913086
0.03099966049194336
0.03399991989135742
0.032000064849853516
0.03399968147277832
0.031998395919799805
0.03299856185913086
0.03399968147277832
0.03300166130065918
0.0319974422454834
0.03200078010559082
0.0319981575012207
0.029996633529663086
0.02899909019470215
0.03199887275695801
0.029998779296875
0.031002283096313477
0.03000926971435547
0.030001163482666016
0.03399991989135742
0.040998220443725586
0.08699917793273926
0.03799939155578613
0.03699946403503418
0.03299880027770996
0.03300023078918457
0.03399920463562012
0.02899909019470215
0.0559995174407959
0.034996986389160156
0.03200197219848633
0.03199601173400879
0.030999183654785156
0.03099846839904785
0.032000064849853516
0.035001277923583984
0.02899932861328125
0.030999422073364258
0.029999494552612305
0.029998779296875
0.03200078010559082
0.030999183654785156
0.030000686645507812
0.032000064849853516
0.031002283096313477
0.029998779296875
0.032013893127441406
0.03199148178100586
0.03200411796569824
0.03400230407714844
0.0319981575012207
0.032001495361328125
0.03200125694274902
0.03099656105041504
0.032998085021972656
0.03300642967224121
0.030989646911621094
0.031992435455322266
0.031007766723632812
0.030997037887573242
0.02999734878540039
0.03400063514709473
0.0319981575012207
0.03200197219848633
0.031000375747680664
0.030997753143310547
0.030996322631835938
0.03200030326843262
0.03299880027770996
0.033010005950927734
0.03198862075805664
0.032994985580444336
0.031000375747680664
0.03200030326843262
0.032000064849853516
0.03201007843017578
0.03099822998046875
0.03199911117553711
0.030999422073364258
0.032999277114868164
0.03099966049194336
0.0319981575012207
0.030998945236206055
0.03300070762634277
0.03200507164001465
0.032999277114868164
0.03099966049194336
0.03199887275695801
0.031000614166259766
0.030996322631835938
0.03099370002746582
0.0319981575012207
0.030996322631835938
0.032010793685913086
0.03199911117553711
0.03098320960998535
0.0319979190826416
0.030995607376098633
0.030998945236206055
0.03399968147277832
0.03199958801269531
0.03199887275695801
0.03099989891052246
0.033991336822509766
0.032000064849853516
0.03299856185913086
0.03199958801269531
0.03299975395202637
0.03099966049194336
0.03299856185913086
0.0299990177154541
0.03099679946899414
0.030998706817626953
0.03099846839904785
0.03099989891052246
0.03300023078918457
0.03099966049194336
0.03399920463562012
0.032006263732910156
0.03299880027770996
0.03200078010559082
0.031000614166259766
0.030998945236206055
0.031002283096313477
0.029998302459716797
0.028997182846069336
0.03199958801269531
0.0319972038269043
0.03000044822692871
0.029997825622558594
0.029998779296875
0.0319979190826416
0.0319974422454834
0.03199911117553711
0.031000614166259766
0.029003381729125977
0.031996726989746094
0.030997276306152344
0.03199911117553711
0.03299832344055176
0.0299990177154541
0.032988786697387695
0.029999256134033203
0.029991626739501953
0.031001806259155273
0.030997037887573242
0.029999732971191406
0.0319976806640625
0.029999971389770508
0.029999256134033203
0.030994415283203125
0.03199887275695801
0.030013561248779297
0.031998395919799805
0.027998924255371094
0.0319972038269043
0.029999494552612305
0.03199934959411621
0.03099799156188965
0.032001495361328125
0.031998395919799805
0.032004356384277344
0.03199958801269531
0.03199911117553711
0.031996726989746094
0.032001495361328125
0.0299990177154541
0.030997753143310547
0.029997587203979492
0.03200101852416992
0.02899909019470215
0.030998706817626953
0.0299990177154541
0.03200078010559082
0.031000375747680664
0.03300046920776367
0.03099822998046875
0.031999826431274414
0.031998395919799805
0.031999826431274414
0.02999734878540039
0.030998706817626953
0.032999277114868164
0.031998395919799805
0.029999732971191406
0.03399038314819336
0.03200030326843262
0.031998634338378906
0.030988693237304688
0.031998395919799805
0.0299985408782959
0.029998779296875
0.03199958801269531
0.03400301933288574
0.031996965408325195
0.032998085021972656
0.030991792678833008
0.03299856185913086
0.03200531005859375
0.03399777412414551
0.03099846839904785
0.029997587203979492
0.031013965606689453
0.03299856185913086
0.03199934959411621
0.03199410438537598
0.03299903869628906
0.030999183654785156
0.03099846839904785
0.03199338912963867
0.032000064849853516
0.030997514724731445
0.031998634338378906
0.0319981575012207
0.03199458122253418
0.030997514724731445
0.03099656105041504
0.03099656105041504
0.03199887275695801
0.03299999237060547
0.03200030326843262
0.032999277114868164
0.030998945236206055
0.03500962257385254
0.03198671340942383
0.03399944305419922
0.031000137329101562
0.03300023078918457
0.03199887275695801
0.031998634338378906
0.03099989891052246
0.030998945236206055
0.03099989891052246
0.03300023078918457
0.029999971389770508
0.031998634338378906
0.031009197235107422
0.034010887145996094
0.030986785888671875
0.03300976753234863
0.02998638153076172
0.03200411796569824
0.030996322631835938
0.03300118446350098
0.031005859375
0.03300333023071289
0.031001567840576172
0.030996084213256836
0.03299832344055176
0.03200078010559082
0.03299689292907715
0.030997753143310547
0.031010150909423828
0.032999515533447266
0.03200984001159668
0.03399920463562012
0.028995752334594727
0.031999826431274414
0.028998613357543945
0.03101348876953125
0.03000044822692871
0.05500006675720215
0.029998064041137695
0.03401041030883789
0.03098893165588379
0.029999971389770508
0.032003164291381836
0.028998613357543945
0.031998634338378906
0.03099656105041504
0.03600502014160156
0.030983924865722656
0.03199887275695801
0.033016204833984375
0.0319976806640625
0.029998779296875
0.03699898719787598
0.03299832344055176
0.031998634338378906
0.031000375747680664
0.03499960899353027
0.029000520706176758
0.029996156692504883
0.029999971389770508
0.030997037887573242
0.029999494552612305
0.03200101852416992
0.029997825622558594
0.031996726989746094
0.031000852584838867
0.029001235961914062
0.03100109100341797
0.032000064849853516
0.03199958801269531
0.02999734878540039
0.030994176864624023
0.03400111198425293
0.031999826431274414
0.032999277114868164
0.03100132942199707
0.029998064041137695
0.0319974422454834
0.03300070762634277
0.02999591827392578
0.03499913215637207
0.0319972038269043
0.032999515533447266
0.03199887275695801
0.032004356384277344
0.03099656105041504
0.029997825622558594
0.03300023078918457
0.03299903869628906
0.03200173377990723
0.03300213813781738
0.031000614166259766
0.03099203109741211
0.03300046920776367
0.03200268745422363
0.030997276306152344
0.05500006675720215
0.05600142478942871
0.0429990291595459
0.033998727798461914
0.03299856185913086
0.031996726989746094
0.029999732971191406
0.031001567840576172
0.02899789810180664
0.030997037887573242
0.03099989891052246
0.03299212455749512
0.03299975395202637
0.030999183654785156
0.03199934959411621
0.038002967834472656
0.03099799156188965
0.03400063514709473
0.03200054168701172
0.0329890251159668
0.031986236572265625
0.032001495361328125
0.0339968204498291
0.03198504447937012
0.031000375747680664
0.03399920463562012
0.03500080108642578
0.03399801254272461
0.030997514724731445
0.032000064849853516
0.03200125694274902
0.03199911117553711
0.0319981575012207
0.03299999237060547
0.031998395919799805
0.031998634338378906
0.03200554847717285
0.040998220443725586
0.03299856185913086
0.014999866485595703
0.03399825096130371
0.03299999237060547
0.03099966049194336
0.0319974422454834
0.029999494552612305
0.03199648857116699
0.03099822998046875
0.03100109100341797
0.029998779296875
0.029998064041137695
0.03099799156188965
0.03399848937988281
0.031000852584838867
0.030000925064086914
0.028996944427490234
0.03299903869628906
0.031000375747680664
0.030999183654785156
0.03299736976623535
0.030999183654785156
0.031002044677734375
0.0319976806640625
0.031000137329101562
0.032000064849853516
0.0299985408782959
0.029997825622558594
0.030988454818725586
0.032999515533447266
0.03200125694274902
0.03299283981323242
0.032999515533447266
0.034000396728515625
0.032004356384277344
0.0319979190826416
0.03099989891052246
0.03399944305419922
0.031999826431274414
0.03200101852416992
0.030985593795776367
0.032985687255859375
0.031000614166259766
0.0339968204498291
0.03199934959411621
0.03399991989135742
0.03299689292907715
0.032999277114868164
0.029998779296875
0.031998634338378906
0.03199934959411621
0.030999422073364258
0.0299990177154541
0.03399991989135742
0.03300213813781738
0.034998416900634766
0.030995845794677734
0.03199887275695801
0.03099822998046875
0.03299903869628906
0.02899909019470215
0.031998634338378906
0.03000020980834961
0.030996322631835938
0.029997587203979492
0.03099846839904785
0.029999971389770508
0.03099513053894043
0.029999256134033203
0.03000164031982422
0.031007051467895508
0.029998302459716797
0.03200030326843262
0.029998302459716797
0.03099679946899414
0.030996084213256836
0.029998779296875
0.031989097595214844
0.030998945236206055
0.03400731086730957
0.029991626739501953
0.032999515533447266
0.03200244903564453
0.03199481964111328
0.03000617027282715
0.031998634338378906
0.030999422073364258
0.032999277114868164
0.02998518943786621
0.031999826431274414
0.03199887275695801
0.03099822998046875
0.03200030326843262
0.03099822998046875
0.032001495361328125
0.030994415283203125
0.029998064041137695
0.03199481964111328
0.032012939453125
0.030997753143310547
0.030998945236206055
0.03400063514709473
0.030999183654785156
0.031000614166259766
0.028987407684326172
0.03799772262573242
0.031998634338378906
0.029998779296875
0.02999734878540039
0.031001567840576172
0.029998302459716797
0.0299990177154541
0.03099846839904785
0.03299760818481445
0.031000614166259766
0.03299999237060547
0.03099966049194336
0.03099846839904785
0.030997514724731445
0.03198361396789551
0.029998064041137695
0.031999826431274414
0.031000375747680664
0.03299760818481445
0.031999826431274414
0.030986309051513672
0.030998706817626953
0.03200054168701172
0.031000137329101562
0.0299985408782959
0.030997514724731445
0.030999422073364258
0.031998395919799805
0.03199577331542969
0.03099989891052246
0.03298640251159668
0.03101372718811035
0.03300976753234863
0.0309908390045166
0.03199911117553711
0.03099989891052246
0.03300023078918457
0.03200078010559082
0.0319979190826416
0.0299985408782959
0.03400135040283203
0.03199911117553711
0.030991077423095703
0.030998945236206055
0.03200125694274902
0.03099966049194336
0.03100109100341797
0.03199911117553711
0.030998945236206055
0.030996322631835938
0.0329899787902832
0.03099822998046875
0.03200173377990723
0.031998395919799805
0.03099822998046875
0.032000064849853516
0.030999183654785156
0.031000614166259766
0.030995845794677734
0.03099966049194336
0.03200125694274902
0.03099822998046875
0.03300189971923828
0.030997753143310547
0.034000396728515625
0.030998945236206055
0.03200030326843262
0.032999277114868164
0.03500056266784668
0.03498578071594238
0.034998178482055664
0.032000064849853516
0.031998395919799805
0.029000282287597656
0.03100109100341797
0.028995513916015625
0.030997276306152344
0.03099966049194336
0.035013437271118164
0.03299999237060547
0.03599143028259277
0.031000375747680664
0.03599977493286133
0.032000064849853516
0.03399991989135742
0.032000064849853516
0.03299546241760254
0.032996177673339844
0.033997297286987305
0.03200054168701172
0.07599687576293945
0.03799939155578613
0.03399825096130371
0.03299903869628906
0.030997514724731445
0.0319974422454834
0.030002117156982422
0.030998945236206055
0.029998779296875
0.0410006046295166
0.0559992790222168
0.0319981575012207
0.0319979190826416
0.03900432586669922
0.031999826431274414
0.030998706817626953
0.031995534896850586
0.03099656105041504
0.03200101852416992
0.03099989891052246
0.03399920463562012
0.03200125694274902
0.0329899787902832
0.0319979190826416
0.03199934959411621
0.03200960159301758
0.03399920463562012
0.03100109100341797
0.03200268745422363
0.03199958801269531
0.03300070762634277
0.030998706817626953
0.03300046920776367
0.030998706817626953
0.03200054168701172
0.0339970588684082
0.03400278091430664
0.03299760818481445
0.03400111198425293
0.03200221061706543
0.02899956703186035
0.029997825622558594
0.03099846839904785
0.029000520706176758
0.030999422073364258
0.030997753143310547
0.030997753143310547
0.031995296478271484
0.02999734878540039
0.03099966049194336
0.032999277114868164
0.03100275993347168
0.03500175476074219
0.030998706817626953
0.03199958801269531
0.03000020980834961
0.032999515533447266
0.02998495101928711
0.03099799156188965
0.03099966049194336
0.03299975395202637
0.033998966217041016
0.030999422073364258
0.03099989891052246
0.030999183654785156
0.032988548278808594
0.03299736976623535
0.031995296478271484
0.045003652572631836
0.04700136184692383
0.03599977493286133
0.034998416900634766
0.03500103950500488
0.029999971389770508
0.03200817108154297
0.03299093246459961
0.035001277923583984
0.029994487762451172
0.03299880027770996
0.030997514724731445
0.030997753143310547
0.027998924255371094
0.0319981575012207
0.0299990177154541
0.031002521514892578
0.029999732971191406
0.03100299835205078
0.028996706008911133
0.03199911117553711
0.030997037887573242
0.03299975395202637
0.03099679946899414
0.03200125694274902
0.0320124626159668
0.0319976806640625
0.029998064041137695
0.032999277114868164
0.03199934959411621
0.032000064849853516
0.030998945236206055
0.03200793266296387
0.0299990177154541
0.031000137329101562
0.03200101852416992
0.03200125694274902
0.029996871948242188
0.0350034236907959
0.03399920463562012
0.03399944305419922
0.0349884033203125
0.03401041030883789
0.03099822998046875
0.03299999237060547
0.030999183654785156
0.030998706817626953
0.032004356384277344
0.03199911117553711
0.029001951217651367
0.03200197219848633
0.031000852584838867
0.02899909019470215
0.03498554229736328
0.03999781608581543
0.03599977493286133
0.030997514724731445
0.03300142288208008
0.03200078010559082
0.03299999237060547
0.030997753143310547
0.03200244903564453
0.03099846839904785
0.030994892120361328
0.030997753143310547
0.033004045486450195
0.031007051467895508
0.0329899787902832
0.03200125694274902
0.03399968147277832
0.029997587203979492
0.031998395919799805
0.04600024223327637
0.03700065612792969
0.032994747161865234
0.03300070762634277
0.030998706817626953
0.029998064041137695
0.03000044822692871
0.03399300575256348
0.02898883819580078
0.0319981575012207
0.031996965408325195
0.031007051467895508
0.030993938446044922
0.031011104583740234
0.032000064849853516
0.031998395919799805
0.03199887275695801
0.03201150894165039
0.03299713134765625
0.03100442886352539
0.03099966049194336
0.03299975395202637
0.032999277114868164
0.03200674057006836
0.03200030326843262
0.032999515533447266
0.029003381729125977
0.03198862075805664
0.028998374938964844
0.03200030326843262
0.0299985408782959
0.031000852584838867
0.028998136520385742
0.0299985408782959
0.0319976806640625
0.032001495361328125
0.029999732971191406
0.030999422073364258
0.027998685836791992
0.01600027084350586
0.033997535705566406
0.03299975395202637
0.031998634338378906
0.03198504447937012
0.029997587203979492
0.030999183654785156
0.02799820899963379
0.03199887275695801
0.03200030326843262
0.0319981575012207
0.03000044822692871
0.0319981575012207
0.031013011932373047
0.03400087356567383
0.029998779296875
0.03400063514709473
0.03001570701599121
0.03099799156188965
0.03098893165588379
0.031999826431274414
0.03400921821594238
0.03099966049194336
0.03199887275695801
0.03299903869628906
0.031999826431274414
0.033013343811035156
0.03399848937988281
0.03299903869628906
0.028996944427490234
0.03199958801269531
0.030007123947143555
0.03199934959411621
0.03100109100341797
0.03298687934875488
0.03200531005859375
0.03300118446350098
0.03199934959411621
0.03201127052307129
0.03200078010559082
0.04098963737487793
0.034000396728515625
0.02899336814880371
0.0390012264251709
0.03198575973510742
0.029996395111083984
0.030997753143310547
0.0299985408782959
0.03099989891052246
0.02899909019470215
0.030002355575561523
0.029000043869018555
0.029999971389770508
0.03199934959411621
0.03299880027770996
0.030001163482666016
0.028998613357543945
0.030001401901245117
0.03302764892578125
0.031975507736206055
0.03299856185913086
0.03099966049194336
0.0320284366607666
0.03099846839904785
0.031998395919799805
0.030999422073364258
0.03400087356567383
0.0319981575012207
0.031008005142211914
0.03099656105041504
0.03199958801269531
0.0319972038269043
0.029996395111083984
0.032999277114868164
0.030997276306152344
0.0320127010345459
0.03300213813781738
0.031999826431274414
0.033002376556396484
0.02999734878540039
0.030998706817626953
0.03200125694274902
0.030997753143310547
0.029999494552612305
0.030999422073364258
0.032000064849853516
0.033010244369506836
0.029999494552612305
0.03299903869628906
0.0299990177154541
0.032000064849853516
0.030997514724731445
0.030997276306152344
0.03199934959411621
0.033010244369506836
0.03200078010559082
0.03299999237060547
0.030996084213256836
0.03099846839904785
0.030998945236206055
0.032999515533447266
0.032000064849853516
0.030997037887573242
0.03200030326843262
0.03198671340942383
0.030998706817626953
0.031998634338378906
0.029992103576660156
0.032999277114868164
0.031000614166259766
0.03299856185913086
0.029999732971191406
0.03299593925476074
0.029998779296875
0.03400111198425293
0.03099966049194336
0.03300046920776367
0.030998945236206055
0.02998828887939453
0.03098607063293457
0.03301429748535156
0.03198432922363281
0.032000064849853516
0.03000187873840332
0.03300118446350098
0.03599834442138672
0.03099966049194336
0.032010793685913086
0.035999298095703125
0.029998302459716797
0.03299760818481445
0.029998779296875
0.03299999237060547
0.03099966049194336
0.029997587203979492
0.029999971389770508
0.030998945236206055
0.03200483322143555
0.03299903869628906
0.03200054168701172
0.03300046920776367
0.029998064041137695
0.030999422073364258
0.028988122940063477
0.03099846839904785
0.02899932861328125
0.0319974422454834
0.02899932861328125
0.05900073051452637
0.03599691390991211
0.028998851776123047
0.03199195861816406
0.028998136520385742
0.031000614166259766
0.028999805450439453
0.031998395919799805
0.0319981575012207
0.03300046920776367
0.032987117767333984
0.031996965408325195
0.03201007843017578
0.031998395919799805
0.031998634338378906
0.03400087356567383
0.03299903869628906
0.03199958801269531
0.032000064849853516
0.03299665451049805
0.032000064849853516
0.03299975395202637
0.03199958801269531
0.03101062774658203
0.03198838233947754
0.033002376556396484
0.031001567840576172
0.033005714416503906
0.031992197036743164
0.033002614974975586
0.03199648857116699
0.03301358222961426
0.03198528289794922
0.0319972038269043
0.03200030326843262
0.03299999237060547
0.0319981575012207
0.03199410438537598
0.031009435653686523
0.03300952911376953
0.03099822998046875
0.03199601173400879
0.03199911117553711
0.03299975395202637
0.03200078010559082
0.031001806259155273
0.029998302459716797
0.03099799156188965
0.03299832344055176
0.030006885528564453
0.031998395919799805
0.03301119804382324
0.032988548278808594
0.03299736976623535
0.03099799156188965
0.03400707244873047
0.030996322631835938
0.034000396728515625
0.03301095962524414
0.03300189971923828
0.031998395919799805
0.03399991989135742
0.03199911117553711
0.0330052375793457
0.028999805450439453
0.033000946044921875
0.03099679946899414
0.031996965408325195
0.030999183654785156
0.03299713134765625
0.030998706817626953
0.0319974422454834
0.030999183654785156
0.0320134162902832
0.03099846839904785
0.03000164031982422
0.03201007843017578
0.030984878540039062
0.030998945236206055
0.03301072120666504
0.029997825622558594
0.03399968147277832
0.03198575973510742
0.030999183654785156
0.031000375747680664
0.03000164031982422
0.031998634338378906
0.0299990177154541
0.029999494552612305
0.03301072120666504
0.0329897403717041
0.03199934959411621
0.030998706817626953
0.03400063514709473
0.03199934959411621
0.033010244369506836
0.030992984771728516
0.0319981575012207
0.03299903869628906
0.03299736976623535
0.03099989891052246
0.03299999237060547
0.031000614166259766
0.03199958801269531
0.029999732971191406
0.031998634338378906
0.0299990177154541
0.03300023078918457
0.031010866165161133
0.030030250549316406
0.0309906005859375
0.032013654708862305
0.030998706817626953
0.030961036682128906
0.032000064849853516
0.032961130142211914
0.031000852584838867
0.031996726989746094
0.030999422073364258
0.03199887275695801
0.02900099754333496
0.03799772262573242
0.029998064041137695
0.030999422073364258
0.03299880027770996
0.03300023078918457
0.03199958801269531
0.030999422073364258
0.03099846839904785
0.031998634338378906
0.03101038932800293
0.031998395919799805
0.03099822998046875
0.03400111198425293
0.029998779296875
0.03299713134765625
0.031000375747680664
0.03000187873840332
0.02999711036682129
0.03199911117553711
0.0319981575012207
0.03200030326843262
0.0310060977935791
0.031999826431274414
0.0319976806640625
0.03099799156188965
0.030997753143310547
0.0299985408782959
0.031000137329101562
0.03199887275695801
0.029998064041137695
0.031000375747680664
0.030998945236206055
0.03199887275695801
0.028998136520385742
0.03199934959411621
0.03000044822692871
0.030998945236206055
0.037998199462890625
0.031003475189208984
0.0299985408782959
0.032007694244384766
0.031999826431274414
0.030998706817626953
0.029998779296875
0.031000852584838867
0.031998634338378906
0.029992341995239258
0.030994892120361328
0.03200578689575195
0.030994176864624023
0.031000614166259766
0.030999183654785156
0.03099966049194336
0.029999494552612305
0.03199958801269531
0.03100109100341797
0.032010793685913086
0.031998395919799805
0.03300333023071289
0.03199577331542969
0.03200125694274902
0.029996633529663086
0.03100275993347168
0.03199601173400879
0.032999515533447266
0.032000064849853516
0.031995534896850586
0.03200030326843262
0.03299880027770996
0.031000137329101562
0.03199577331542969
0.031003236770629883
0.0319979190826416
0.03400087356567383
0.03299880027770996
0.030998706817626953
0.0319981575012207
0.030999183654785156
0.03399205207824707
0.03200054168701172
0.032998085021972656
0.03200078010559082
0.03199911117553711
0.031000852584838867
0.03300046920776367
0.030998706817626953
0.03299999237060547
0.03099822998046875
0.03100109100341797
0.031999826431274414
0.031000375747680664
0.031999826431274414
0.033002376556396484
0.0319976806640625
0.032999277114868164
0.029999256134033203
0.031000614166259766
0.0299985408782959
0.03300070762634277
0.029998064041137695
0.030999183654785156
0.02899956703186035
0.03099799156188965
0.03000020980834961
0.01500082015991211
0.03601384162902832
0.03299880027770996
0.033002376556396484
0.031998395919799805
0.031002044677734375
0.032000064849853516
0.02899765968322754
0.031993865966796875
0.0299990177154541
0.03198599815368652
0.03299736976623535
0.031998395919799805
0.031005144119262695
0.032009124755859375
0.03199625015258789
0.0319981575012207
0.030004024505615234
0.03200030326843262
0.031000375747680664
0.03199958801269531
0.03099966049194336
0.03199934959411621
0.03199911117553711
0.03300929069519043
0.03099822998046875
0.033002376556396484
0.0319979190826416
0.030998945236206055
0.032006025314331055
0.03300786018371582
0.03199887275695801
0.03199267387390137
0.032998085021972656
0.03200101852416992
0.03199934959411621
0.0329892635345459
0.030997037887573242
0.03200078010559082
0.029982805252075195
0.03300738334655762
0.02999567985534668
0.032012224197387695
0.03199887275695801
0.031000375747680664
0.030999183654785156
0.032010555267333984
0.029999256134033203
0.032000064849853516
0.029993534088134766
0.03199887275695801
0.03199911117553711
0.032998085021972656
0.03099966049194336
0.032999277114868164
0.030999422073364258
0.031000137329101562
0.03099966049194336
0.032000064849853516
0.03200054168701172
0.03299832344055176
0.03098917007446289
0.033998727798461914
0.030010461807250977
0.031998634338378906
0.03099799156188965
0.03299856185913086
0.029996156692504883
0.03200268745422363
0.03099846839904785
0.033005475997924805
0.03100109100341797
0.03299880027770996
0.030003070831298828
0.03299760818481445
0.0299990177154541
0.05600166320800781
0.030997276306152344
0.04600071907043457
0.0319979190826416
0.028998374938964844
0.030998706817626953
0.0299985408782959
0.031000852584838867
0.02899956703186035
0.030997276306152344
0.03300213813781738
0.033998966217041016
0.030995607376098633
0.029998064041137695
0.03099846839904785
0.030998706817626953
0.029989957809448242
0.030998706817626953
0.030998945236206055
0.030997276306152344
0.03099966049194336
0.032999277114868164
0.030998706817626953
0.031998395919799805
0.031000137329101562
0.03199911117553711
0.0299990177154541
0.031998634338378906
0.03199934959411621
0.03299713134765625
0.030999422073364258
0.03299832344055176
0.032000064849853516
0.03199172019958496
0.030999422073364258
0.03200078010559082
0.03399515151977539
0.03200054168701172
0.03299832344055176
0.03100299835205078
0.0319972038269043
0.030998945236206055
0.0319981575012207
0.033987998962402344
0.03200531005859375
0.03299903869628906
0.03099822998046875
0.0319981575012207
0.031999826431274414
0.030995845794677734
0.03299975395202637
0.031998634338378906
0.03299903869628906
0.031998634338378906
0.03299903869628906
0.03399968147277832
0.03299999237060547
0.03399968147277832
0.032997846603393555
0.0299985408782959
0.03099536895751953
0.03300046920776367
0.029998779296875
0.03200078010559082
0.0319972038269043
0.032000064849853516
0.029999256134033203
0.029998779296875
0.0299985408782959
0.03299689292907715
0.029999971389770508
0.06199979782104492
0.03200173377990723
0.029996871948242188
0.030983686447143555
0.03299832344055176
0.031996726989746094
0.029999256134033203
0.031003713607788086
0.02899909019470215
0.05500054359436035
0.03599858283996582
0.02999401092529297
0.033997297286987305
0.02899765968322754
0.032000064849853516
0.029987812042236328
0.031998395919799805
0.031000137329101562
0.03199958801269531
0.03300333023071289
0.03399777412414551
0.030000925064086914
0.03099966049194336
0.029996156692504883
0.03199648857116699
0.029998064041137695
0.03399920463562012
0.03099989891052246
0.03000020980834961
0.03099989891052246
0.03099799156188965
0.02999734878540039
0.03000044822692871
0.02899765968322754
0.028998374938964844
0.031998634338378906
0.03299760818481445
0.03300023078918457
0.0319976806640625
0.030998706817626953
0.03199934959411621
0.029999256134033203
0.03299975395202637
0.030994892120361328
0.03399944305419922
0.031986236572265625
0.031999826431274414
0.030013561248779297
0.03199911117553711
0.03099799156188965
0.030992746353149414
0.03099966049194336
0.031002044677734375
0.030010223388671875
0.03599810600280762
0.02898693084716797
0.03300046920776367
0.029989242553710938
0.03399944305419922
0.03199958801269531
0.03300046920776367
0.03399991989135742
0.031000852584838867
0.029996633529663086
0.032000064849853516
0.029997825622558594
0.03200244903564453
0.03299593925476074
0.03299856185913086
0.027999162673950195
0.030998706817626953
0.030998945236206055
0.03199434280395508
0.029997825622558594
0.03199934959411621
0.02899956703186035
0.031002044677734375
0.0320134162902832
0.03200173377990723
0.031999826431274414
0.03198504447937012
0.031999826431274414
0.03199148178100586
0.032998085021972656
0.032998085021972656
0.03001236915588379
0.034001827239990234
0.03202939033508301
0.03299903869628906
0.030009984970092773
0.031999826431274414
0.031999826431274414
0.0319976806640625
0.03099846839904785
0.032999277114868164
0.033014535903930664
0.032999277114868164
0.03199934959411621
0.0340113639831543
0.03198742866516113
0.03199934959411621
0.031009197235107422
0.03299832344055176
0.03200078010559082
0.03299975395202637
0.03199005126953125
0.032999515533447266
0.029989957809448242
0.0319981575012207
0.03099846839904785
0.03199887275695801
0.030001401901245117
0.032000064849853516
0.031000614166259766
0.032999277114868164
0.03199934959411621
0.032999515533447266
0.02999711036682129
0.03300118446350098
0.02999734878540039
0.03199934959411621
0.03200101852416992
0.03200054168701172
0.03199505805969238
0.03099799156188965
0.031995534896850586
0.031000375747680664
0.03099679946899414
0.032999515533447266
0.029997825622558594
0.07300066947937012
0.031006813049316406
0.04000043869018555
0.03299856185913086
0.02899956703186035
0.029998302459716797
0.0319979190826416
0.030998945236206055
0.02899956703186035
0.029998779296875
0.029007434844970703
0.03199934959411621
0.031989336013793945
0.03300046920776367
0.0320134162902832
0.033000946044921875
0.032001495361328125
0.03196597099304199
0.031004667282104492
0.032000064849853516
0.030997037887573242
0.03099799156188965
0.03300023078918457
0.03099656105041504
0.032000064849853516
0.03100895881652832
0.03200125694274902
0.03199887275695801
0.03200030326843262
0.03300189971923828
0.030996084213256836
0.03299999237060547
0.031010866165161133
0.03199887275695801
0.029996633529663086
0.03099846839904785
0.030998706817626953
0.03400397300720215
0.031031370162963867
0.032994747161865234
0.02997303009033203
0.03397536277770996
0.029973745346069336
0.033000946044921875
0.03199625015258789
0.03200030326843262
0.0319981575012207
0.03200197219848633
0.03099679946899414
0.0319976806640625
0.0319976806640625
0.03400111198425293
0.029000282287597656
0.03400826454162598
0.03299355506896973
0.03199887275695801
0.032000064849853516
0.03400230407714844
0.03200411796569824
0.032998085021972656
0.03200054168701172
0.03299880027770996
0.03199911117553711
0.033998966217041016
0.03099966049194336
0.0319976806640625
0.0319979190826416
0.032998085021972656
0.03099966049194336
0.0319976806640625
0.03300333023071289
0.0319976806640625
0.03100109100341797
0.0319974422454834
0.0319974422454834
0.030999183654785156
0.030999183654785156
0.03299880027770996
0.03200864791870117
0.03099846839904785
0.030997276306152344
0.033002376556396484
0.03099822998046875
0.03300046920776367
0.029955148696899414
0.032030344009399414
0.03297734260559082
0.03203177452087402
0.030019760131835938
0.033002614974975586
0.030997276306152344
0.03099822998046875
0.03399658203125
0.03199911117553711
0.0310060977935791
0.03099799156188965
0.0149993896484375
