3.616023540496826
0.03600001335144043
0.0339963436126709
0.037999629974365234
0.03500008583068848
0.03300905227661133
0.03299832344055176
0.032987356185913086
0.03299975395202637
0.034999847412109375
0.031004905700683594
0.033000946044921875
0.03199887275695801
0.03299832344055176
0.03100109100341797
0.03299832344055176
0.03101181983947754
0.032999515533447266
0.031999826431274414
0.03200340270996094
0.028998851776123047
0.03299999237060547
0.03099989891052246
0.032013893127441406
0.0329899787902832
0.03299903869628906
0.03198814392089844
0.0319976806640625
0.032000064849853516
0.03299999237060547
0.030998945236206055
0.032999515533447266
0.03300166130065918
0.03799557685852051
0.031998634338378906
0.03198528289794922
0.031998395919799805
0.03199958801269531
0.03100132942199707
0.029999494552612305
0.03200578689575195
0.03300070762634277
0.028996944427490234
0.030997753143310547
0.0299990177154541
0.030998945236206055
0.027996063232421875
0.031999826431274414
0.029006242752075195
0.030001163482666016
0.0319981575012207
0.031998634338378906
0.03200054168701172
0.030998945236206055
0.02899789810180664
0.03000020980834961
0.030999422073364258
0.031000137329101562
0.03000020980834961
0.033002614974975586
0.03299903869628906
0.03200197219848633
0.029996395111083984
0.031996965408325195
0.029995441436767578
0.03299975395202637
0.0320134162902832
0.030999422073364258
0.029999971389770508
0.03101062774658203
0.0309906005859375
0.03199911117553711
0.0319976806640625
0.03099822998046875
0.030000686645507812
0.032998085021972656
0.031000614166259766
0.03200030326843262
0.0299990177154541
0.03099846839904785
0.031999826431274414
0.030997514724731445
0.030989885330200195
0.03299880027770996
0.0299990177154541
0.03099846839904785
0.030999183654785156
0.0319979190826416
0.030997276306152344
0.03299903869628906
0.030986785888671875
0.03199911117553711
0.031014442443847656
0.03200125694274902
0.029999256134033203
0.0319979190826416
0.030998945236206055
0.03199601173400879
0.03199887275695801
0.030996084213256836
0.032998085021972656
0.03099966049194336
0.03199958801269531
0.032999515533447266
0.03201007843017578
0.031000137329101562
0.031008243560791016
0.030998706817626953
0.031004905700683594
0.03099799156188965
0.030999183654785156
0.031998395919799805
0.030999183654785156
0.0319972038269043
0.030998706817626953
0.03200101852416992
0.031001806259155273
0.033002614974975586
0.03199958801269531
0.031000852584838867
0.030997514724731445
0.03199362754821777
0.02999734878540039
0.03399252891540527
0.030994892120361328
0.03099536895751953
0.03099656105041504
0.030997753143310547
0.030999422073364258
0.03299283981323242
0.030998706817626953
0.031996726989746094
0.031005382537841797
0.03300905227661133
0.03200244903564453
0.032999277114868164
0.03300595283508301
0.030984878540039062
0.03600358963012695
0.033000946044921875
0.03200101852416992
0.03100132942199707
0.03200030326843262
0.032997846603393555
0.031000137329101562
0.03200221061706543
0.031998634338378906
0.03200125694274902
0.03200173377990723
0.03198862075805664
0.03200054168701172
0.031000137329101562
0.03399658203125
0.03199648857116699
0.030996322631835938
0.031003713607788086
0.03200221061706543
0.032000064849853516
0.0319974422454834
0.03199934959411621
0.03199648857116699
0.03300118446350098
0.0319981575012207
0.03299999237060547
0.03199577331542969
0.029999256134033203
0.031999826431274414
0.032012224197387695
0.031993865966796875
0.03299593925476074
0.030999422073364258
0.03200030326843262
0.05500316619873047
0.05499720573425293
0.03200030326843262
0.032999277114868164
0.03200364112854004
0.03200125694274902
0.03299760818481445
0.030999183654785156
0.02998805046081543
0.030997276306152344
0.0319974422454834
0.031009912490844727
0.034000396728515625
0.031000375747680664
0.03099799156188965
0.029000520706176758
0.03300309181213379
0.03099536895751953
0.0319976806640625
0.03000044822692871
0.03100419044494629
0.02899456024169922
0.032999277114868164
0.032000064849853516
0.03000807762145996
0.04000449180603027
0.042999267578125
0.032999515533447266
0.04599928855895996
0.03999972343444824
0.032000064849853516
0.029998302459716797
0.031000137329101562
0.029999256134033203
0.03200387954711914
0.029996633529663086
0.030998945236206055
0.029999971389770508
0.029000043869018555
0.029999732971191406
0.031001567840576172
0.03000164031982422
0.029998064041137695
0.031005144119262695
0.0319981575012207
0.03099989891052246
0.03200197219848633
0.029999256134033203
0.04100298881530762
0.03699970245361328
0.03999805450439453
0.02999734878540039
0.03500223159790039
0.030997753143310547
0.03099513053894043
0.030997514724731445
0.029999494552612305
0.03299736976623535
0.029998302459716797
0.03400921821594238
0.031996965408325195
0.03199934959411621
0.029998779296875
0.03299999237060547
0.03099822998046875
0.03199887275695801
0.03300952911376953
0.03099822998046875
0.031000614166259766
0.031998395919799805
0.03099846839904785
0.03399920463562012
0.0299990177154541
0.03299832344055176
0.031999826431274414
0.03298544883728027
0.03200030326843262
0.03298640251159668
0.031009197235107422
0.03400254249572754
0.031996965408325195
0.031999826431274414
0.0319981575012207
0.03101491928100586
0.03099799156188965
0.02998805046081543
0.0319979190826416
0.03300118446350098
0.03099656105041504
0.030996084213256836
0.03099799156188965
0.03299665451049805
0.03200030326843262
0.032987117767333984
0.03199934959411621
0.032999277114868164
0.03099966049194336
0.031012296676635742
0.03299975395202637
0.0319972038269043
0.03101062774658203
0.032990217208862305
0.030999183654785156
0.03200054168701172
0.030998706817626953
0.03198575973510742
0.030999422073364258
0.03200554847717285
0.03099799156188965
0.031999826431274414
0.030999422073364258
0.03299736976623535
0.03199887275695801
0.03200411796569824
0.031008481979370117
0.03199958801269531
0.03099966049194336
0.03300023078918457
0.02998518943786621
0.031999826431274414
0.03300046920776367
0.031996965408325195
0.03299689292907715
0.032013654708862305
0.03300642967224121
0.031998634338378906
0.030998945236206055
0.03200054168701172
0.0299990177154541
0.03200101852416992
0.03798651695251465
0.0319981575012207
0.029998779296875
0.03099966049194336
0.028997421264648438
0.033002376556396484
0.0319981575012207
0.03300285339355469
0.031000137329101562
0.03399848937988281
0.06300044059753418
0.02999711036682129
0.03600049018859863
0.03200364112854004
0.028995752334594727
0.030999183654785156
0.02899909019470215
0.03099989891052246
0.03200030326843262
0.03199934959411621
0.031000614166259766
0.031999826431274414
0.030998706817626953
0.029999256134033203
0.03200173377990723
0.030995607376098633
0.03199911117553711
0.033000946044921875
0.02998948097229004
0.032999277114868164
0.03200197219848633
0.031998395919799805
0.03199911117553711
0.03199887275695801
0.03099989891052246
0.030984163284301758
0.03099966049194336
0.03199911117553711
0.031011581420898438
0.03300023078918457
0.03199958801269531
0.032999277114868164
0.031999826431274414
0.0319981575012207
0.03000044822692871
0.032998085021972656
0.030999183654785156
0.03200221061706543
0.03199648857116699
0.03100109100341797
0.030996322631835938
0.030982017517089844
0.03099966049194336
0.03199267387390137
0.031000137329101562
0.03301119804382324
0.03301215171813965
0.03301286697387695
0.030988216400146484
0.031998634338378906
0.030997037887573242
0.03200793266296387
0.031000614166259766
0.031998395919799805
0.029998302459716797
0.03199934959411621
0.030999183654785156
0.03200078010559082
0.030999422073364258
0.03099799156188965
0.03200840950012207
0.030997037887573242
0.0320124626159668
0.030997753143310547
0.031998634338378906
0.0329897403717041
0.03100109100341797
0.030999422073364258
0.03099846839904785
0.031999826431274414
0.032000064849853516
0.03399968147277832
0.031000614166259766
0.03199887275695801
0.02999734878540039
0.031998634338378906
0.031000375747680664
0.03000164031982422
0.030997037887573242
0.03299880027770996
0.031998634338378906
0.030997514724731445
0.03300189971923828
0.03400588035583496
0.030991077423095703
0.03399848937988281
0.03199625015258789
0.03200078010559082
0.02999734878540039
0.03299450874328613
0.031000852584838867
0.03099822998046875
0.030999183654785156
0.031000375747680664
0.029999494552612305
0.03199911117553711
0.029998064041137695
0.03300166130065918
0.03099799156188965
0.03200078010559082
0.02899932861328125
0.04999852180480957
0.03299903869628906
0.031999826431274414
0.029998064041137695
0.029998779296875
0.03000020980834961
0.031000375747680664
0.030002355575561523
0.032004356384277344
0.030999422073364258
0.031998395919799805
0.02899622917175293
0.03399968147277832
0.03299880027770996
0.032999277114868164
0.029999971389770508
0.03199934959411621
0.03099799156188965
0.036003828048706055
0.03599882125854492
0.03299713134765625
0.0299990177154541
0.032000064849853516
0.03298592567443848
0.031000375747680664
0.02999711036682129
0.0319972038269043
0.030995845794677734
0.029996156692504883
0.03299903869628906
0.029997825622558594
0.03299856185913086
0.03301191329956055
0.03299903869628906
0.031998634338378906
0.03299856185913086
0.03100275993347168
0.03299665451049805
0.03399944305419922
0.030999183654785156
0.036012887954711914
0.031000375747680664
0.031000375747680664
0.03200054168701172
0.03099989891052246
0.03200078010559082
0.031003236770629883
0.03299832344055176
0.031001806259155273
0.03399991989135742
0.030999183654785156
0.030996084213256836
0.03299975395202637
0.031998634338378906
0.03299856185913086
0.031001567840576172
0.03399991989135742
0.032999515533447266
0.031999826431274414
0.032999277114868164
0.03499603271484375
0.032000064849853516
0.029999971389770508
0.031001806259155273
0.031002044677734375
0.03200554847717285
0.03399920463562012
0.030002832412719727
0.04300045967102051
0.03399991989135742
0.036998748779296875
0.03099966049194336
0.031001806259155273
0.02899622917175293
0.0319974422454834
0.031000375747680664
0.03099989891052246
0.031000852584838867
0.03299832344055176
0.031000852584838867
0.0319979190826416
0.03200054168701172
0.03299760818481445
0.031000137329101562
0.0319981575012207
0.031012535095214844
0.032000064849853516
0.032007694244384766
0.03499960899353027
0.05600309371948242
0.037000179290771484
0.02999734878540039
0.0299990177154541
0.029998064041137695
0.030000686645507812
0.02999711036682129
0.02999567985534668
0.03199958801269531
0.029996633529663086
0.0299985408782959
0.028998613357543945
0.030998706817626953
0.030000925064086914
0.03200507164001465
0.03099656105041504
0.03300118446350098
0.03199911117553711
0.030997753143310547
0.033014535903930664
0.032998085021972656
0.0319972038269043
0.03200078010559082
0.03299856185913086
0.03200125694274902
0.032000064849853516
0.03299999237060547
0.03101372718811035
0.03000020980834961
0.03399801254272461
0.03398942947387695
0.03199934959411621
0.03200078010559082
0.0299985408782959
0.03200054168701172
0.032000064849853516
0.03299975395202637
0.029998064041137695
0.031002044677734375
0.04499983787536621
0.05099773406982422
0.032002925872802734
0.029997825622558594
0.03199911117553711
0.037996768951416016
0.031002521514892578
0.028998851776123047
0.031002521514892578
0.03299856185913086
0.029998064041137695
0.03300166130065918
0.0299985408782959
0.03299760818481445
0.029999494552612305
0.03400731086730957
0.030991554260253906
0.03200030326843262
0.03301596641540527
0.03299903869628906
0.030997514724731445
0.033000946044921875
0.0319974422454834
0.03199124336242676
0.03099846839904785
0.03199172019958496
0.029999494552612305
0.032000064849853516
0.03100752830505371
0.03199911117553711
0.030999183654785156
0.034002065658569336
0.032998085021972656
0.03099966049194336
0.03000640869140625
0.03198599815368652
0.03099989891052246
0.031000614166259766
0.03100895881652832
0.03099513053894043
0.031998395919799805
0.03399991989135742
0.03299713134765625
0.03400373458862305
0.03099679946899414
0.03099822998046875
0.03300023078918457
0.03300142288208008
0.03199934959411621
0.03099799156188965
0.02899479866027832
0.031000852584838867
0.0299985408782959
0.0319981575012207
0.03099966049194336
0.031003236770629883
0.030995845794677734
0.03300285339355469
0.03099346160888672
0.03500223159790039
0.035997867584228516
0.031998395919799805
0.0319974422454834
0.033998727798461914
0.031998395919799805
0.03199601173400879
0.03099966049194336
0.033000946044921875
0.031000137329101562
0.03900265693664551
0.05099892616271973
0.03599691390991211
0.0370028018951416
0.03799915313720703
0.028997421264648438
0.05299997329711914
0.03299713134765625
0.031998634338378906
0.03099966049194336
0.030997753143310547
0.03000044822692871
0.030997276306152344
0.03200078010559082
0.03200101852416992
0.03600454330444336
0.031996726989746094
0.03900599479675293
0.11451506614685059
0.03400111198425293
0.03250837326049805
0.03598618507385254
0.03199887275695801
0.0319972038269043
0.03200340270996094
0.030997276306152344
0.029000043869018555
0.03199934959411621
0.03099966049194336
0.029998302459716797
0.029998064041137695
0.03200101852416992
0.031001806259155273
0.029996156692504883
0.03200125694274902
0.032000064849853516
0.029992103576660156
0.031998634338378906
0.032999277114868164
0.031999826431274414
0.03099513053894043
0.0319974422454834
0.03099989891052246
0.031996965408325195
0.030999422073364258
0.030997753143310547
0.029998779296875
0.030000925064086914
0.02999734878540039
0.03899693489074707
0.03199887275695801
0.03199911117553711
0.029994487762451172
0.0319979190826416
0.031000137329101562
0.03199958801269531
0.031002521514892578
0.030999422073364258
0.030997753143310547
0.03099799156188965
0.032999277114868164
0.030996322631835938
0.030996322631835938
0.030011653900146484
0.031004667282104492
0.03101491928100586
0.03098440170288086
0.031995296478271484
0.029999971389770508
0.031996965408325195
0.03000164031982422
0.03200078010559082
0.029995441436767578
0.03199887275695801
0.03299903869628906
0.0319979190826416
0.029999732971191406
0.031000137329101562
0.030998706817626953
0.03299975395202637
0.03099846839904785
0.03200101852416992
0.0319981575012207
0.03200078010559082
0.0299990177154541
0.035999298095703125
0.030999422073364258
0.03300070762634277
0.030998706817626953
0.03299999237060547
0.03100109100341797
0.03099799156188965
0.029996633529663086
0.030997753143310547
0.031000137329101562
0.030999183654785156
0.02899956703186035
0.03200340270996094
0.029998779296875
0.03299832344055176
0.03200054168701172
0.03300595283508301
0.031992435455322266
0.03400087356567383
0.032991647720336914
0.03400063514709473
0.032000064849853516
0.03200078010559082
0.03199958801269531
0.033995866775512695
0.03000020980834961
0.031998395919799805
0.030998706817626953
0.032998085021972656
0.031006574630737305
0.03300118446350098
0.030984163284301758
0.03299903869628906
0.033000946044921875
0.03201031684875488
0.0299985408782959
0.03300023078918457
0.03200125694274902
0.03000044822692871
0.029997825622558594
0.030997753143310547
0.030999422073364258
0.03199648857116699
0.030000925064086914
0.029999256134033203
0.030002117156982422
0.03199934959411621
0.027994394302368164
0.03200173377990723
0.2590017318725586
0.05400276184082031
0.03599905967712402
0.032998085021972656
0.03999781608581543
0.03500056266784668
0.0599977970123291
0.047997474670410156
0.03799796104431152
0.031998395919799805
0.0319981575012207
0.040006399154663086
0.0469975471496582
0.03799748420715332
0.03500008583068848
0.03499865531921387
0.03199934959411621
0.03299903869628906
0.030001401901245117
0.031999826431274414
0.02899909019470215
0.03299689292907715
0.03100275993347168
0.04400181770324707
0.031000852584838867
0.03299880027770996
0.031996965408325195
0.034999847412109375
0.03399944305419922
0.03300023078918457
0.030995845794677734
0.034001827239990234
0.031008005142211914
0.03300023078918457
0.03198981285095215
0.03199934959411621
0.03099822998046875
0.03500032424926758
0.030997753143310547
0.03199601173400879
0.03199887275695801
0.03300046920776367
0.02999734878540039
0.040996551513671875
0.03399777412414551
0.03399777412414551
0.030997037887573242
0.03399920463562012
0.0299985408782959
0.033998966217041016
0.03200030326843262
0.03201127052307129
0.03099679946899414
0.03299856185913086
0.031000614166259766
0.03399229049682617
0.03199458122253418
0.04599618911743164
0.033011436462402344
0.030988693237304688
0.03200697898864746
0.03199291229248047
0.03200101852416992
0.03199911117553711
0.03199911117553711
0.03200101852416992
0.03099989891052246
0.03199958801269531
0.03299832344055176
0.03200054168701172
0.03299522399902344
0.03399848937988281
0.032998085021972656
0.03299999237060547
0.03299903869628906
0.030999183654785156
0.033011674880981445
0.030987262725830078
0.032004594802856445
0.02999734878540039
0.03199958801269531
0.03099989891052246
0.031000137329101562
0.029989242553710938
0.03200244903564453
0.031998634338378906
0.030997514724731445
0.029996871948242188
0.0319972038269043
0.03199887275695801
0.03299832344055176
0.030995845794677734
0.033013343811035156
0.03198504447937012
0.031999826431274414
0.03300285339355469
0.03498530387878418
0.03600144386291504
0.03299760818481445
0.031996965408325195
0.03299832344055176
0.03200078010559082
0.03399848937988281
0.04499983787536621
0.05299949645996094
0.03300213813781738
0.03999948501586914
0.033998727798461914
0.03300046920776367
0.03199911117553711
0.03099799156188965
0.031000614166259766
0.031995534896850586
0.03099966049194336
0.036000967025756836
0.03099846839904785
0.03299307823181152
0.03099966049194336
0.03200101852416992
0.0319981575012207
0.03299522399902344
0.030005455017089844
0.030999183654785156
0.0299990177154541
0.03199887275695801
0.03200364112854004
0.031003236770629883
0.03100275993347168
0.03199934959411621
0.02899909019470215
0.03299975395202637
0.030998706817626953
0.031000375747680664
0.031002283096313477
0.03199934959411621
0.029999256134033203
0.03099679946899414
0.030999183654785156
0.029999494552612305
0.03099846839904785
0.0319981575012207
0.029997587203979492
0.032998085021972656
0.03200244903564453
0.03299689292907715
0.029999494552612305
0.03199577331542969
0.030999422073364258
0.0339963436126709
0.030997276306152344
0.03199887275695801
0.029999971389770508
0.031002044677734375
0.029998064041137695
0.029997587203979492
0.030998945236206055
0.034000396728515625
0.03099966049194336
0.032999277114868164
0.03099846839904785
0.031998634338378906
0.03099846839904785
0.03298616409301758
0.03200101852416992
0.032006263732910156
0.02999138832092285
0.032002925872802734
0.031001806259155273
0.033997297286987305
0.03400421142578125
0.033003807067871094
0.030999183654785156
0.03200173377990723
0.0319976806640625
0.031998395919799805
0.03400301933288574
0.034998178482055664
0.03299975395202637
0.034008026123046875
0.03400230407714844
0.03699898719787598
0.030997514724731445
0.03300023078918457
0.031998395919799805
0.0319974422454834
0.031998634338378906
0.03200054168701172
0.03600025177001953
0.03199625015258789
0.031000375747680664
0.033998966217041016
0.031000852584838867
0.031000375747680664
0.03499937057495117
0.03199958801269531
0.030999183654785156
0.03298163414001465
0.031000614166259766
0.03200101852416992
0.029997825622558594
0.032999515533447266
0.030999183654785156
0.03099989891052246
0.02900242805480957
0.030997037887573242
0.03200030326843262
0.03099656105041504
0.03099989891052246
0.03199911117553711
0.030001163482666016
0.030999422073364258
0.028997421264648438
0.03099966049194336
0.031000375747680664
0.03200984001159668
0.030989408493041992
0.0319976806640625
0.03200125694274902
0.03200554847717285
0.031992197036743164
0.03299999237060547
0.030999183654785156
0.030997276306152344
0.02899932861328125
0.031001806259155273
0.028998851776123047
0.030995845794677734
0.03200054168701172
0.034000396728515625
0.03199911117553711
0.034009456634521484
0.032998085021972656
0.03399920463562012
0.03200125694274902
0.03299713134765625
0.029998302459716797
0.03299999237060547
0.02899932861328125
0.030997276306152344
0.03099799156188965
0.030998706817626953
0.030999183654785156
0.03099822998046875
0.030000686645507812
0.030003070831298828
0.030996084213256836
0.03200173377990723
0.030992984771728516
0.031995296478271484
0.030996084213256836
0.03099822998046875
0.03200030326843262
0.03299903869628906
0.030999183654785156
0.03199934959411621
0.031000375747680664
0.031999826431274414
0.028998613357543945
0.03198647499084473
0.031000614166259766
0.03300595283508301
0.032000064849853516
0.033004045486450195
0.03198838233947754
0.03300023078918457
0.03200221061706543
0.0339963436126709
0.029998779296875
0.03200197219848633
0.031009197235107422
0.03200125694274902
0.032998085021972656
0.03299736976623535
0.030999183654785156
0.03300046920776367
0.031001567840576172
0.03199958801269531
0.03300189971923828
0.029984474182128906
0.031998634338378906
0.03099846839904785
0.030000925064086914
0.030997753143310547
0.030998706817626953
0.03299760818481445
0.031000614166259766
0.031000137329101562
0.030997514724731445
0.0319976806640625
0.029998779296875
0.031000614166259766
0.031996726989746094
0.03300023078918457
0.030001401901245117
0.03700089454650879
0.032999277114868164
0.03499889373779297
0.030001163482666016
0.03399777412414551
0.03299856185913086
0.03199648857116699
0.03199887275695801
0.03299975395202637
0.031001567840576172
0.034999847412109375
0.03299856185913086
0.03199911117553711
0.029999494552612305
0.03300023078918457
0.0319976806640625
0.03300070762634277
0.030997753143310547
0.03199481964111328
0.03101038932800293
0.0319979190826416
0.032000064849853516
0.033995866775512695
0.031987667083740234
0.03399944305419922
0.03101062774658203
0.03199887275695801
0.03099989891052246
0.03299903869628906
0.03099966049194336
0.032012939453125
0.030986547470092773
0.03099966049194336
0.03199911117553711
0.03099846839904785
0.031003236770629883
0.03199887275695801
0.0299985408782959
0.03200054168701172
0.030999422073364258
0.03300023078918457
0.030002355575561523
0.0319972038269043
0.029998064041137695
0.030999183654785156
0.031000852584838867
0.029997825622558594
0.031001806259155273
0.0299990177154541
0.031001806259155273
0.031999826431274414
0.03200054168701172
0.03098750114440918
0.030996322631835938
0.03200078010559082
0.030009746551513672
0.03299713134765625
0.030999422073364258
0.031998395919799805
0.030997514724731445
0.032996416091918945
0.030998945236206055
0.03200101852416992
0.031999826431274414
0.03199934959411621
0.03199887275695801
0.031996726989746094
0.030997276306152344
0.03200030326843262
0.031000375747680664
0.031000137329101562
0.029999732971191406
0.029998302459716797
0.0299990177154541
0.03399968147277832
0.03200840950012207
0.03199911117553711
0.03099989891052246
0.0319976806640625
0.029997825622558594
0.03200578689575195
0.030994653701782227
0.03099989891052246
0.03099846839904785
0.032999277114868164
0.03199887275695801
0.032000064849853516
0.032001495361328125
0.03199577331542969
0.03100728988647461
0.033010005950927734
0.030999183654785156
0.032999515533447266
0.0309903621673584
0.030986785888671875
0.03199911117553711
0.031996726989746094
0.03199338912963867
0.031005859375
0.03099536895751953
0.02999567985534668
0.0319972038269043
0.03399920463562012
0.031014442443847656
0.033002614974975586
0.031004667282104492
0.03199911117553711
0.03200078010559082
0.03398251533508301
0.03099679946899414
0.03300046920776367
0.030999422073364258
0.03299880027770996
0.030998706817626953
0.030998706817626953
0.030002355575561523
0.03300833702087402
0.030990123748779297
0.03299832344055176
0.030996322631835938
0.03299975395202637
0.03199911117553711
0.03299975395202637
0.03101062774658203
0.03299975395202637
0.031001567840576172
0.056998491287231445
0.03999972343444824
0.03099679946899414
0.031995534896850586
0.03099846839904785
0.03299880027770996
0.03199887275695801
0.029999494552612305
0.030998706817626953
0.029999732971191406
0.03199934959411621
0.03100109100341797
0.031000852584838867
0.030997514724731445
0.03200197219848633
0.0319979190826416
0.03098773956298828
0.03300976753234863
0.03200197219848633
0.03099846839904785
0.030998706817626953
0.03199505805969238
0.03299283981323242
0.03299760818481445
0.03200125694274902
0.031992435455322266
0.031000137329101562
0.03200268745422363
0.03200173377990723
0.03099513053894043
0.03499650955200195
0.02900099754333496
0.029999971389770508
0.035001277923583984
0.04299807548522949
0.03799891471862793
0.042998552322387695
0.029998302459716797
0.0330042839050293
0.03099966049194336
0.033998727798461914
0.029998302459716797
0.030000686645507812
0.030000925064086914
0.032001495361328125
0.03200101852416992
0.032999515533447266
0.030998945236206055
0.032004356384277344
0.029997587203979492
0.030012845993041992
0.031000137329101562
0.03299760818481445
0.0299985408782959
0.03299975395202637
0.030997514724731445
0.030998945236206055
0.029999256134033203
0.031990766525268555
0.03099966049194336
0.03299856185913086
0.032000064849853516
0.03200531005859375
0.031000137329101562
0.0330042839050293
0.030999183654785156
0.03300046920776367
0.031984567642211914
0.031999826431274414
0.03300285339355469
0.03199601173400879
0.03200054168701172
0.0319974422454834
0.031002521514892578
0.030998945236206055
0.03099989891052246
0.03199934959411621
0.030997753143310547
0.030998706817626953
0.030998706817626953
0.03200054168701172
0.032999515533447266
0.045000553131103516
0.03199481964111328
0.0319981575012207
0.030998945236206055
0.031998634338378906
0.03099799156188965
0.031998634338378906
0.032001495361328125
0.03299975395202637
0.03201103210449219
0.031999826431274414
0.031000137329101562
0.032997846603393555
0.031002044677734375
0.03399848937988281
0.0299985408782959
0.03299665451049805
0.032000064849853516
0.0319981575012207
0.031000137329101562
0.03300023078918457
0.030998706817626953
0.030013322830200195
0.031987905502319336
0.030989646911621094
0.03400015830993652
0.03399777412414551
0.03200030326843262
0.03299856185913086
0.03299856185913086
0.0329899787902832
0.03300118446350098
0.031996726989746094
0.033000946044921875
0.03300285339355469
0.02999711036682129
0.04300236701965332
0.0339968204498291
0.036998748779296875
0.05600118637084961
0.031996726989746094
0.031006574630737305
0.03300142288208008
0.029996871948242188
0.032998085021972656
0.030997514724731445
0.032999515533447266
0.031998634338378906
0.03299713134765625
0.030997514724731445
0.037000417709350586
0.03099966049194336
0.03201150894165039
0.03298807144165039
0.0319979190826416
0.030998945236206055
0.032000064849853516
0.028985023498535156
0.03300070762634277
0.031996726989746094
0.03399777412414551
0.032997846603393555
0.03399944305419922
0.0299985408782959
0.03299760818481445
0.030997514724731445
0.030998945236206055
0.03199958801269531
0.033989667892456055
0.030997276306152344
0.0319972038269043
0.030002832412719727
0.030998706817626953
0.03199934959411621
0.03500199317932129
0.03399968147277832
0.03299975395202637
0.03100109100341797
0.03400111198425293
0.031998395919799805
0.0329897403717041
0.03399991989135742
0.03499960899353027
0.033998727798461914
0.033011674880981445
0.03501391410827637
0.03300142288208008
0.032010555267333984
0.0390009880065918
0.03299713134765625
0.03200078010559082
0.03399777412414551
0.034000396728515625
0.03299832344055176
0.03300023078918457
0.0319981575012207
0.03499603271484375
0.032999277114868164
0.03800177574157715
0.029999256134033203
0.0319976806640625
0.029996395111083984
0.03400063514709473
0.030996084213256836
0.032999515533447266
0.03099966049194336
0.03099679946899414
0.029989004135131836
0.03299880027770996
0.03000020980834961
0.0299985408782959
0.030001163482666016
0.031002044677734375
0.031000852584838867
0.03299689292907715
0.028996944427490234
0.03300142288208008
0.03399968147277832
0.03400015830993652
0.029987573623657227
0.034001827239990234
0.03299903869628906
0.029999494552612305
0.029999494552612305
0.030994415283203125
0.03099846839904785
0.031009435653686523
0.032000064849853516
0.03300023078918457
0.030998945236206055
0.03600502014160156
0.03199911117553711
0.034000396728515625
0.03099822998046875
0.02899646759033203
0.030998945236206055
0.0319981575012207
0.030999183654785156
0.03099989891052246
0.028998851776123047
0.030998945236206055
0.030001163482666016
0.030001401901245117
0.03099966049194336
0.0299990177154541
0.03999948501586914
0.033004045486450195
0.03200197219848633
0.03298783302307129
0.03200101852416992
0.030000686645507812
0.030002355575561523
0.031000852584838867
0.029994487762451172
0.029996871948242188
0.031000852584838867
0.030999183654785156
0.0299985408782959
0.031000852584838867
0.029998302459716797
0.031000137329101562
0.031002044677734375
0.033997297286987305
0.030997753143310547
0.031000137329101562
0.0299990177154541
0.03500008583068848
0.029997825622558594
0.03300023078918457
0.030995607376098633
0.03299975395202637
0.031000614166259766
0.03200078010559082
0.029000282287597656
0.0309906005859375
0.030008792877197266
0.03200244903564453
0.0319976806640625
0.0319981575012207
0.03099966049194336
0.030999183654785156
0.03099846839904785
0.030997037887573242
0.03199958801269531
0.03099966049194336
0.03200054168701172
0.03299856185913086
0.029996395111083984
0.031000137329101562
0.03199958801269531
0.03298783302307129
0.03099822998046875
0.03299880027770996
0.03100109100341797
0.031996726989746094
0.029999732971191406
0.0339968204498291
0.03198528289794922
0.03299880027770996
0.03200888633728027
0.031998634338378906
0.03100275993347168
0.03200125694274902
0.029999494552612305
0.030997514724731445
0.030999183654785156
0.03399777412414551
0.03000187873840332
0.029997825622558594
0.03200101852416992
0.03099679946899414
0.030000925064086914
0.0339968204498291
0.03201627731323242
0.03499722480773926
0.03000020980834961
0.032001495361328125
0.0329892635345459
0.03599977493286133
0.0319979190826416
0.03199958801269531
0.03699922561645508
0.03199887275695801
0.03100132942199707
0.031999826431274414
0.03499913215637207
0.032997846603393555
0.03100275993347168
0.031000375747680664
0.0319976806640625
0.03299832344055176
0.03298687934875488
0.03299999237060547
0.03198838233947754
0.03200054168701172
0.034995079040527344
0.03300023078918457
0.03099513053894043
0.031998395919799805
0.03000020980834961
0.030999422073364258
0.029994487762451172
0.03400015830993652
0.021005868911743164
0.03499436378479004
0.03399777412414551
0.03300189971923828
0.03298687934875488
0.0319974422454834
0.03299760818481445
0.030998706817626953
0.030999183654785156
0.0319979190826416
0.03199958801269531
0.030999422073364258
0.032000064849853516
0.03700089454650879
0.03900003433227539
0.038999080657958984
0.037000179290771484
0.0319979190826416
0.03999948501586914
0.031998634338378906
0.029996633529663086
0.03099656105041504
0.029999732971191406
0.031009435653686523
0.02899956703186035
0.030997753143310547
0.03000187873840332
0.030999183654785156
0.029998779296875
0.03099346160888672
0.032000064849853516
0.032998085021972656
0.029999494552612305
0.03099799156188965
0.03000044822692871
0.032000064849853516
0.03099656105041504
0.035001277923583984
0.03600168228149414
0.03099966049194336
0.02899956703186035
0.031000614166259766
0.03099989891052246
0.03000044822692871
0.031001806259155273
0.030997276306152344
0.031011343002319336
0.033997297286987305
0.02999591827392578
0.03200078010559082
0.0299985408782959
0.029997587203979492
0.029999494552612305
0.03299903869628906
0.031999826431274414
0.03199958801269531
0.030999422073364258
0.03199887275695801
0.030001163482666016
0.03300189971923828
0.032000064849853516
0.03200197219848633
0.03799843788146973
0.03299713134765625
0.03200054168701172
0.03399801254272461
0.03300070762634277
0.05500006675720215
0.060997962951660156
0.03699827194213867
0.03400063514709473
0.032010793685913086
0.035005807876586914
0.03299999237060547
0.03299880027770996
0.031999826431274414
0.0319974422454834
0.03000187873840332
0.051999807357788086
0.031993865966796875
0.030999422073364258
0.030998945236206055
0.031000852584838867
0.03200054168701172
0.03000020980834961
0.029997825622558594
0.030996084213256836
0.03299999237060547
0.030996322631835938
0.03299880027770996
0.0319976806640625
0.03199911117553711
0.030999183654785156
0.030997037887573242
0.03199911117553711
0.04700064659118652
0.038999319076538086
0.04000115394592285
0.03600001335144043
0.03300166130065918
0.05500078201293945
0.043996572494506836
0.05699944496154785
0.03301072120666504
0.02899909019470215
0.03000044822692871
0.032996416091918945
0.03299880027770996
0.032001495361328125
0.031000137329101562
0.03099989891052246
0.03299856185913086
0.030997514724731445
0.029998064041137695
0.030998945236206055
0.02899932861328125
0.03099989891052246
0.06400060653686523
0.04799699783325195
0.03699994087219238
0.0319979190826416
0.031998634338378906
0.030999422073364258
0.03199911117553711
0.032000064849853516
0.029996633529663086
0.031999826431274414
0.03099822998046875
0.03100299835205078
0.028998136520385742
0.03299975395202637
0.03099989891052246
0.0299990177154541
0.02900075912475586
0.031998395919799805
0.029997825622558594
0.0299990177154541
0.028999805450439453
0.030997037887573242
0.030998945236206055
0.03199958801269531
0.029998302459716797
0.031001567840576172
0.0299985408782959
0.0319979190826416
0.02999734878540039
0.031002521514892578
0.029997587203979492
0.029994964599609375
0.030998706817626953
0.031999826431274414
0.031000614166259766
0.030998706817626953
0.029999256134033203
0.03099822998046875
0.030002355575561523
0.03200173377990723
0.029998302459716797
0.03200125694274902
0.029006481170654297
0.031996726989746094
0.030999183654785156
0.029999732971191406
0.03000044822692871
0.030999183654785156
0.03099846839904785
0.031996726989746094
0.029999494552612305
0.03300046920776367
0.02999711036682129
0.030997037887573242
0.0319979190826416
0.0299837589263916
0.03100275993347168
0.03099846839904785
0.029999494552612305
0.031000137329101562
0.02900099754333496
0.03200221061706543
0.02999711036682129
0.031998395919799805
0.02899646759033203
0.0319976806640625
0.0299990177154541
0.030998945236206055
0.030999183654785156
0.030999422073364258
0.03000044822692871
0.03199958801269531
0.03099989891052246
0.0319981575012207
0.02899956703186035
0.0299985408782959
0.031996965408325195
0.029993295669555664
0.030999183654785156
0.03199934959411621
0.030999183654785156
0.030999183654785156
0.030000686645507812
0.0319974422454834
0.03099846839904785
0.03099989891052246
0.028998136520385742
0.030992984771728516
0.030997753143310547
0.031996965408325195
0.028998851776123047
0.03100728988647461
0.02999401092529297
0.032002925872802734
0.03199934959411621
0.03099656105041504
0.03200960159301758
0.03199911117553711
0.03199911117553711
0.031010150909423828
0.031989097595214844
0.031001567840576172
0.030999183654785156
0.030999422073364258
0.029997825622558594
0.03299975395202637
0.030001163482666016
0.030999183654785156
0.02900075912475586
0.03198432922363281
0.033000946044921875
0.031998395919799805
0.029998779296875
0.03299570083618164
0.02999711036682129
0.030999183654785156
0.031000614166259766
0.04900240898132324
0.050997257232666016
0.0560002326965332
0.03200101852416992
0.03298497200012207
0.05100059509277344
0.030000925064086914
0.030000925064086914
0.03199934959411621
0.030997753143310547
0.0319979190826416
0.02899789810180664
0.03000020980834961
0.02899956703186035
0.0319979190826416
0.031998395919799805
0.03399848937988281
0.030995607376098633
0.03400015830993652
0.032000064849853516
0.03300833702087402
0.030999183654785156
0.030998706817626953
0.03000044822692871
0.03398776054382324
0.029999971389770508
0.03200030326843262
0.03099966049194336
0.03099799156188965
0.029997587203979492
0.03299880027770996
0.034000396728515625
0.03200054168701172
0.030996084213256836
0.03099799156188965
0.06100177764892578
0.04799938201904297
0.03699898719787598
0.042998313903808594
0.03300142288208008
0.04399824142456055
0.0339963436126709
0.030998706817626953
0.03199911117553711
0.03098320960998535
0.030997753143310547
0.029000282287597656
0.030998706817626953
0.029999256134033203
0.028998851776123047
0.02999401092529297
0.031000375747680664
0.030999183654785156
0.030000925064086914
0.02999734878540039
0.029999256134033203
0.030999422073364258
0.0319974422454834
0.03099989891052246
0.030997753143310547
0.0319974422454834
0.030997276306152344
0.030998706817626953
0.03299880027770996
0.029999494552612305
0.031001806259155273
0.03099822998046875
0.031999826431274414
0.030998945236206055
0.03099822998046875
0.029999732971191406
0.03200101852416992
0.029999732971191406
0.030998945236206055
0.03299975395202637
0.031000137329101562
0.031000137329101562
0.03099989891052246
0.029999971389770508
0.0319976806640625
0.028996944427490234
0.03300118446350098
0.029998302459716797
0.032001495361328125
0.029994964599609375
0.03199911117553711
0.029996871948242188
0.03299856185913086
0.030999422073364258
0.03299975395202637
0.032001495361328125
0.038001060485839844
0.03299832344055176
0.03299999237060547
0.03099799156188965
0.03501081466674805
0.03198528289794922
0.03299975395202637
0.03299999237060547
0.03399944305419922
0.04099917411804199
0.04000067710876465
0.0319974422454834
0.03498578071594238
0.03199887275695801
0.03399968147277832
0.03199911117553711
0.035001516342163086
0.03199648857116699
0.0339963436126709
0.030997037887573242
0.033998727798461914
0.03200173377990723
0.03500056266784668
0.032997846603393555
0.03299713134765625
0.03100132942199707
0.03299975395202637
0.03299903869628906
0.0319974422454834
0.0299990177154541
0.0339968204498291
0.03300023078918457
0.032994985580444336
0.030000686645507812
0.031998395919799805
0.034003257751464844
0.03599810600280762
0.03899979591369629
0.03899979591369629
0.03499794006347656
0.032000064849853516
0.029999494552612305
0.049010515213012695
0.031000852584838867
0.031998395919799805
0.03099822998046875
0.03199625015258789
0.03099966049194336
0.030997037887573242
0.032999277114868164
0.0319976806640625
0.03399944305419922
0.03099989891052246
0.034002065658569336
0.0319972038269043
0.03299856185913086
0.03099966049194336
0.03499913215637207
0.029998064041137695
0.03399825096130371
0.03200507164001465
0.03399920463562012
0.03200101852416992
0.03300738334655762
0.03199195861816406
0.0319981575012207
0.02999711036682129
0.031000852584838867
0.030998706817626953
0.030000686645507812
0.031001567840576172
0.03099822998046875
0.030002593994140625
0.03098583221435547
0.029999971389770508
0.03200101852416992
0.0429987907409668
0.03699612617492676
0.03000187873840332
0.03399968147277832
0.03300046920776367
0.03599977493286133
0.03299856185913086
0.034996747970581055
0.033002376556396484
0.0409998893737793
0.032999277114868164
0.03299736976623535
0.03299999237060547
0.03300333023071289
0.0319981575012207
0.033000946044921875
0.03199958801269531
0.032998085021972656
0.031000614166259766
0.03300046920776367
0.0319979190826416
0.03299975395202637
0.03200030326843262
0.03199934959411621
0.03099966049194336
0.03300046920776367
0.029999256134033203
0.0319976806640625
0.032003164291381836
0.03500056266784668
0.030997753143310547
0.037000417709350586
0.038001298904418945
0.031996965408325195
0.030997514724731445
0.03199410438537598
0.029998064041137695
0.0319979190826416
0.032001495361328125
0.0480039119720459
0.028998374938964844
0.031998634338378906
0.032999277114868164
0.030997753143310547
0.029999256134033203
0.03699827194213867
0.029997825622558594
0.031998634338378906
0.03399825096130371
0.032999515533447266
0.03199958801269531
0.031998634338378906
0.03199911117553711
0.03199887275695801
0.030998706817626953
0.034998178482055664
0.029999971389770508
0.043999433517456055
0.03300833702087402
0.03599905967712402
0.03299903869628906
0.03299880027770996
0.029999256134033203
0.02998948097229004
0.030997514724731445
0.030997514724731445
0.030999422073364258
0.039002180099487305
0.03800034523010254
0.05899834632873535
0.04398632049560547
0.030999183654785156
0.031989097595214844
0.0319976806640625
0.03199934959411621
0.03099846839904785
0.03600025177001953
0.03200030326843262
0.03199577331542969
0.032002925872802734
0.0319974422454834
0.03200364112854004
0.033998966217041016
0.0299990177154541
0.03200197219848633
0.03099822998046875
0.03299975395202637
0.031998395919799805
0.03499937057495117
0.032999515533447266
0.033998966217041016
0.03200054168701172
0.0319972038269043
0.029001474380493164
0.035001277923583984
0.03500080108642578
0.0339970588684082
0.03299736976623535
0.03299856185913086
0.032998085021972656
0.03299975395202637
0.031996726989746094
0.03401494026184082
0.03400254249572754
0.03499865531921387
0.03400015830993652
0.03599810600280762
0.03300046920776367
0.03500032424926758
0.03200054168701172
0.03499865531921387
0.03199887275695801
0.03400135040283203
0.031998395919799805
0.034999847412109375
0.0299990177154541
0.05800271034240723
0.030007600784301758
0.042999267578125
0.0319979190826416
0.0299990177154541
0.0319972038269043
0.03200101852416992
0.03300166130065918
0.029996395111083984
0.033997535705566406
0.03199958801269531
0.032988786697387695
0.030998945236206055
0.0319974422454834
0.030997514724731445
0.03200936317443848
0.030989646911621094
0.03100419044494629
0.029998302459716797
0.03199577331542969
0.03099656105041504
0.030996084213256836
0.03098464012145996
0.03099846839904785
0.030995845794677734
0.030996322631835938
0.03400135040283203
0.03200054168701172
0.05800271034240723
0.05399918556213379
0.03999805450439453
0.05499744415283203
0.03100109100341797
0.029001712799072266
0.03099846839904785
0.02999591827392578
0.03099966049194336
0.03000044822692871
0.0339963436126709
0.03199934959411621
0.030997514724731445
0.0299990177154541
0.03199934959411621
0.031000375747680664
0.030997753143310547
0.02900075912475586
0.03099966049194336
0.02999591827392578
0.029996633529663086
0.030997276306152344
0.0319981575012207
0.029999256134033203
0.032000064849853516
0.02899909019470215
0.031998395919799805
0.029998779296875
0.03099846839904785
0.03100895881652832
0.032997846603393555
0.03099966049194336
0.03399825096130371
0.029999971389770508
0.03299999237060547
0.032004594802856445
0.03200650215148926
0.028995990753173828
0.032998085021972656
0.03201174736022949
0.033998966217041016
0.029997587203979492
0.032999277114868164
0.029999732971191406
0.04200029373168945
0.03399515151977539
0.031999826431274414
0.0299985408782959
0.03199887275695801
0.031000852584838867
0.03299999237060547
0.02999711036682129
0.030997037887573242
0.03399920463562012
0.030999183654785156
0.029996633529663086
0.03201103210449219
0.030997753143310547
0.03299260139465332
0.029996633529663086
0.03500056266784668
0.029996633529663086
0.0319974422454834
0.03201413154602051
0.032999515533447266
0.029990673065185547
0.03201103210449219
0.031002521514892578
0.03300046920776367
0.030985355377197266
0.03101038932800293
0.03200864791870117
0.03299975395202637
0.03199648857116699
0.032999277114868164
0.03099799156188965
0.03400135040283203
0.032999277114868164
0.03199934959411621
0.0319981575012207
0.03299880027770996
0.031001567840576172
0.030994653701782227
0.03300118446350098
0.03199481964111328
0.029998302459716797
0.030996084213256836
0.030997514724731445
0.030998706817626953
0.03100132942199707
0.03299880027770996
0.029998302459716797
0.03399991989135742
0.0319979190826416
0.03199958801269531
0.030998945236206055
0.03300118446350098
0.033998966217041016
0.036000728607177734
0.0319979190826416
0.03299760818481445
0.03099846839904785
0.034000396728515625
0.0319981575012207
0.03299880027770996
0.03199911117553711
0.032997846603393555
0.03200030326843262
0.03299880027770996
0.03099846839904785
0.033002376556396484
0.030997753143310547
0.032999515533447266
0.030998706817626953
0.03299713134765625
0.03300166130065918
0.03299212455749512
0.0339968204498291
0.03399848937988281
0.03200531005859375
0.03300189971923828
0.03100728988647461
0.030998945236206055
0.029998302459716797
0.032999515533447266
0.0319979190826416
0.03199267387390137
0.031001567840576172
0.032999277114868164
0.03000044822692871
0.03099846839904785
0.03200054168701172
0.031998634338378906
0.031998634338378906
0.03200244903564453
0.03099822998046875
0.03099679946899414
0.040001869201660156
0.06699919700622559
0.05100226402282715
0.041001319885253906
0.03399777412414551
0.034998416900634766
0.030998945236206055
0.03300070762634277
0.030997037887573242
0.03200101852416992
0.03099799156188965
0.03500199317932129
0.0339963436126709
0.03299880027770996
0.029999732971191406
0.03500223159790039
0.04799842834472656
0.044999122619628906
0.035999298095703125
0.030997276306152344
0.031012296676635742
0.030999422073364258
0.034999847412109375
0.0319979190826416
0.03299760818481445
0.03699827194213867
0.04999852180480957
0.03399848937988281
0.031002044677734375
0.0319976806640625
0.03099989891052246
0.0319979190826416
0.031000852584838867
0.03300762176513672
0.03098440170288086
0.0319976806640625
0.03098464012145996
0.03199911117553711
0.030000686645507812
0.030999422073364258
0.030998945236206055
0.03099656105041504
0.031001567840576172
0.029999494552612305
0.02899956703186035
0.029997825622558594
0.03200554847717285
0.03399920463562012
0.03299880027770996
0.03500223159790039
0.03500080108642578
0.03499746322631836
0.03399658203125
0.03398871421813965
0.03299760818481445
0.03599977493286133
0.032999277114868164
0.03301191329956055
0.059999704360961914
0.032999515533447266
0.03299856185913086
0.030996084213256836
0.037996768951416016
0.01699995994567871
0.03699898719787598
0.03499865531921387
0.03401350975036621
0.035997867584228516
0.029994487762451172
0.03100132942199707
0.03300666809082031
0.033997297286987305
0.032999277114868164
0.03199648857116699
0.03099966049194336
0.030999183654785156
0.02899789810180664
0.031000614166259766
0.029997587203979492
0.03200078010559082
0.030998945236206055
0.031998634338378906
0.03600120544433594
0.030998706817626953
0.040997982025146484
0.034000396728515625
0.03099799156188965
0.033011674880981445
0.030009984970092773
0.0319972038269043
0.03000044822692871
0.03699994087219238
0.030984878540039062
0.03199958801269531
0.031996965408325195
0.043001413345336914
0.03499627113342285
0.04699826240539551
0.03499937057495117
0.036982059478759766
0.06499958038330078
0.03499746322631836
0.041997671127319336
0.03500032424926758
0.03199362754821777
0.0339963436126709
0.030999422073364258
0.02899909019470215
0.031000137329101562
0.029998302459716797
0.029998064041137695
0.03099966049194336
0.03200054168701172
0.03000187873840332
0.031999826431274414
0.03099846839904785
0.032004356384277344
0.03200125694274902
0.03199934959411621
0.029996871948242188
0.030998945236206055
0.030998945236206055
0.03099822998046875
0.031000375747680664
0.031000614166259766
0.030000686645507812
0.031000614166259766
0.0299990177154541
0.033002614974975586
0.03199887275695801
0.037000417709350586
0.0360102653503418
0.032997846603393555
0.029998302459716797
0.03499794006347656
0.037001609802246094
0.033002614974975586
0.03200221061706543
0.0319979190826416
0.03199958801269531
0.033997297286987305
0.030998945236206055
0.03300023078918457
0.03399968147277832
0.032999277114868164
0.03299856185913086
0.033997535705566406
0.03200125694274902
0.03300881385803223
0.03099989891052246
0.031998634338378906
0.029999732971191406
0.0319981575012207
0.031000852584838867
0.034000396728515625
0.031996726989746094
0.03499960899353027
0.03300023078918457
0.033998727798461914
0.03300142288208008
0.032999515533447266
0.03299975395202637
0.032997846603393555
0.030011415481567383
0.03199911117553711
0.03200030326843262
0.03399777412414551
0.03200101852416992
0.033998727798461914
0.031998634338378906
0.032999277114868164
0.03199934959411621
0.030997037887573242
0.028998374938964844
0.030998706817626953
0.029001235961914062
0.030997276306152344
0.031000137329101562
0.033002376556396484
0.03399801254272461
0.03500199317932129
0.03199911117553711
0.035985708236694336
0.031001567840576172
0.03499913215637207
0.03299856185913086
0.03299903869628906
0.033995628356933594
0.03300118446350098
0.0319976806640625
0.032997846603393555
0.03099822998046875
0.03099989891052246
0.0319972038269043
0.032999515533447266
0.03300070762634277
0.03099966049194336
0.031003475189208984
0.03300023078918457
0.03199934959411621
0.032000064849853516
0.03700065612792969
0.06000089645385742
0.04899930953979492
0.03299856185913086
0.042012929916381836
0.03299856185913086
0.03099799156188965
0.031998395919799805
0.03100109100341797
0.03099799156188965
0.0299990177154541
0.0299990177154541
0.03099966049194336
0.030998945236206055
0.029000043869018555
0.031998634338378906
0.031000852584838867
0.03199911117553711
0.029998302459716797
0.031996726989746094
0.031000375747680664
0.031989336013793945
0.030998706817626953
0.030997037887573242
0.03099536895751953
0.03700375556945801
0.031995534896850586
0.031000375747680664
0.034000396728515625
0.03199577331542969
0.03000020980834961
0.0299990177154541
0.029000043869018555
0.030995845794677734
0.03099846839904785
0.03199887275695801
0.031000375747680664
0.03099989891052246
0.03200054168701172
0.030997514724731445
0.030996084213256836
0.032998085021972656
0.031000137329101562
0.0339970588684082
0.031000137329101562
0.0650031566619873
0.03699946403503418
0.031996965408325195
0.03299903869628906
0.03200173377990723
0.02899909019470215
0.03099656105041504
0.028999805450439453
0.0319974422454834
0.030999422073364258
0.03099799156188965
0.030000925064086914
0.033010005950927734
0.029997825622558594
0.0299990177154541
0.0319979190826416
0.0299985408782959
0.031995534896850586
0.03901171684265137
0.0299985408782959
0.030999422073364258
0.028000354766845703
0.03099822998046875
0.03299999237060547
0.032999277114868164
0.03200221061706543
0.035001277923583984
0.03099966049194336
0.029999494552612305
0.030999183654785156
0.031986236572265625
0.031000375747680664
0.03200054168701172
0.03099989891052246
0.030998706817626953
0.030998945236206055
0.032999515533447266
0.03299975395202637
0.032997846603393555
0.032999277114868164
0.031996726989746094
0.03199911117553711
0.03199911117553711
0.03099989891052246
0.030998945236206055
0.030001163482666016
0.03299856185913086
0.0320124626159668
0.03399944305419922
0.030000686645507812
0.032000064849853516
0.03299880027770996
0.03200054168701172
0.03299903869628906
0.03300023078918457
0.031998634338378906
0.03099226951599121
0.030999183654785156
0.031000614166259766
0.03299975395202637
0.030999422073364258
0.031998395919799805
0.03198838233947754
0.053998708724975586
0.038999319076538086
0.031002283096313477
0.03299975395202637
0.03199934959411621
0.031000375747680664
0.02999711036682129
0.030997753143310547
0.03299975395202637
0.03099799156188965
0.029998064041137695
0.03099966049194336
0.030002117156982422
0.03199887275695801
0.03200101852416992
0.030999183654785156
0.031000137329101562
0.0309908390045166
0.030994176864624023
0.03199434280395508
0.031999826431274414
0.031000137329101562
0.03099679946899414
0.029996633529663086
0.030998706817626953
0.032998085021972656
0.030997276306152344
0.03300333023071289
0.03099822998046875
0.03199887275695801
0.0319981575012207
0.03200054168701172
0.0319972038269043
0.03199887275695801
0.03199911117553711
0.03599977493286133
0.031000137329101562
0.03199887275695801
0.0319981575012207
0.029998064041137695
0.031000137329101562
0.03199958801269531
0.030998706817626953
0.03300881385803223
0.02898859977722168
0.03200054168701172
0.029999494552612305
0.028998613357543945
0.028995513916015625
0.03299736976623535
0.03200078010559082
0.03200054168701172
0.03199934959411621
0.0319976806640625
0.030986785888671875
0.0319974422454834
0.030999422073364258
0.03199911117553711
0.03100109100341797
0.03298664093017578
0.031032323837280273
0.032001495361328125
0.029999732971191406
0.030997753143310547
0.02999711036682129
0.029998779296875
0.030999183654785156
0.030997753143310547
0.030997276306152344
0.030998706817626953
0.029998779296875
0.03099846839904785
0.028998851776123047
0.0299990177154541
0.03099822998046875
0.033010005950927734
0.031989097595214844
0.03000020980834961
0.030012130737304688
0.03299903869628906
0.03099846839904785
0.032999515533447266
0.03300023078918457
0.032998085021972656
0.03199887275695801
0.031999826431274414
0.03199887275695801
0.03299283981323242
0.031996726989746094
0.03101348876953125
0.03199362754821777
0.03399825096130371
0.03298473358154297
0.03099799156188965
0.03000473976135254
0.032999277114868164
0.03099989891052246
0.030997753143310547
0.031000375747680664
0.03099799156188965
0.031000375747680664
0.0319976806640625
0.030002117156982422
0.03299856185913086
0.03200054168701172
0.035010337829589844
0.031012773513793945
0.032999515533447266
0.03200054168701172
0.032999277114868164
0.031999826431274414
0.03199911117553711
0.03099966049194336
0.03300929069519043
0.03199005126953125
0.03299856185913086
0.031000137329101562
0.03300070762634277
0.032012939453125
0.032003164291381836
0.03299832344055176
0.03399252891540527
0.031000375747680664
0.03300023078918457
0.030995607376098633
0.03299856185913086
0.031011581420898438
0.032007455825805664
0.03200244903564453
0.0310056209564209
0.03000044822692871
0.03298664093017578
0.030998706817626953
0.031998634338378906
0.029998779296875
0.032999277114868164
0.03099989891052246
0.03301215171813965
0.03098750114440918
0.030998945236206055
0.031032085418701172
0.0319981575012207
0.030999422073364258
0.03299999237060547
0.03197646141052246
0.032999515533447266
0.03000044822692871
0.03200125694274902
0.03100872039794922
0.031998395919799805
0.03200030326843262
0.031999826431274414
0.03299975395202637
0.03299713134765625
0.030999422073364258
0.03299975395202637
0.03199958801269531
0.033010244369506836
0.030997753143310547
0.0319976806640625
0.029999732971191406
0.030999422073364258
0.029999494552612305
0.03300023078918457
0.03101181983947754
0.03399968147277832
0.03199934959411621
0.031998395919799805
0.03099846839904785
0.03400397300720215
0.030997037887573242
0.03299856185913086
0.029998779296875
0.031998634338378906
0.030000686645507812
0.03199911117553711
0.030996084213256836
0.03299999237060547
0.030990123748779297
0.032999277114868164
0.030999183654785156
0.031998395919799805
0.030997753143310547
0.03399825096130371
0.029995441436767578
0.031998395919799805
0.03200674057006836
0.032999515533447266
0.029999494552612305
0.03299880027770996
0.0319979190826416
0.03398633003234863
0.03099846839904785
0.03399991989135742
0.03099966049194336
0.030998945236206055
0.03199958801269531
0.03403949737548828
0.0309603214263916
0.032987356185913086
0.030998945236206055
0.03099989891052246
0.03000020980834961
0.031992197036743164
0.030996322631835938
0.03200554847717285
0.03199172019958496
0.0329890251159668
0.0309906005859375
0.032999277114868164
0.03000473976135254
0.031001567840576172
0.031996965408325195
0.03300166130065918
0.031996726989746094
0.03400158882141113
0.030997037887573242
0.030987262725830078
0.03200387954711914
0.03099822998046875
0.032001495361328125
0.0319979190826416
0.03200054168701172
0.030998945236206055
0.030999183654785156
0.031010866165161133
0.03000020980834961
0.03299760818481445
0.031000375747680664
0.03400063514709473
0.03099822998046875
0.031995296478271484
0.03100132942199707
0.03400683403015137
0.030986309051513672
0.03298783302307129
0.0319979190826416
0.032012939453125
0.03098607063293457
0.030986785888671875
0.03099846839904785
0.032002925872802734
0.03099799156188965
0.03200888633728027
0.031990766525268555
0.032998085021972656
0.03199911117553711
0.032999277114868164
0.032001495361328125
0.03199911117553711
0.03100109100341797
0.032030344009399414
0.030997037887573242
0.032999277114868164
0.0320429801940918
0.03199267387390137
0.031001567840576172
0.032999277114868164
0.03200650215148926
0.03299856185913086
0.030997514724731445
0.031995534896850586
0.03201007843017578
0.03199887275695801
0.030004501342773438
0.03199958801269531
0.031000137329101562
0.031998395919799805
0.03099846839904785
0.03299665451049805
0.029999256134033203
0.031014204025268555
0.03100895881652832
0.03198838233947754
0.03199887275695801
0.03299522399902344
0.032006263732910156
0.032015323638916016
0.030997753143310547
0.03300189971923828
0.03699827194213867
0.03599953651428223
0.029989242553710938
0.03099822998046875
0.029999732971191406
0.03199911117553711
0.0299990177154541
0.030999422073364258
0.029000520706176758
0.029996395111083984
0.030962228775024414
0.03300285339355469
0.030997276306152344
0.03203105926513672
0.03197288513183594
0.03199601173400879
0.0309751033782959
0.03099989891052246
0.0299985408782959
0.03300762176513672
0.031996965408325195
0.03299212455749512
0.03200197219848633
0.03199934959411621
0.031000375747680664
0.03299999237060547
0.032009124755859375
0.03199648857116699
0.03099966049194336
0.030987024307250977
0.03099846839904785
0.03200054168701172
0.03101062774658203
0.030997276306152344
0.030998706817626953
0.03400230407714844
0.030997514724731445
0.03099822998046875
0.03300046920776367
0.0319976806640625
0.031998395919799805
0.03299880027770996
0.03199887275695801
0.032015323638916016
0.03298473358154297
0.03299713134765625
0.030998706817626953
0.03300070762634277
0.03099822998046875
0.03399991989135742
0.03200054168701172
0.033998966217041016
0.032000064849853516
0.03302597999572754
0.030997753143310547
0.03399968147277832
0.03200030326843262
0.03199911117553711
0.03200078010559082
0.03299880027770996
0.031998634338378906
0.03199625015258789
0.03200030326843262
0.032009124755859375
0.030999183654785156
0.03200078010559082
0.031996965408325195
0.03300309181213379
0.03204655647277832
0.032996416091918945
0.031000137329101562
0.03240251541137695
0.030019760131835938
0.03402972221374512
0.031000137329101562
0.03299736976623535
0.030995845794677734
0.031996965408325195
0.0299990177154541
0.0319981575012207
0.02998805046081543
0.03299903869628906
0.031004905700683594
0.03299903869628906
0.03199911117553711
0.03200984001159668
0.03198885917663574
0.03100109100341797
0.03198742866516113
0.03099822998046875
0.02999711036682129
0.0319976806640625
0.03299975395202637
0.033986568450927734
0.031998634338378906
0.031008243560791016
0.030998706817626953
0.03301358222961426
0.03199267387390137
0.032010555267333984
0.03198862075805664
0.030998945236206055
0.03099989891052246
0.03198647499084473
0.031999826431274414
0.03199911117553711
0.031000614166259766
0.031998634338378906
0.030997037887573242
0.03199958801269531
0.030000686645507812
0.03200244903564453
0.030005455017089844
0.03202390670776367
0.030999422073364258
0.031999826431274414
0.03300166130065918
0.03300142288208008
0.03099989891052246
0.03200078010559082
0.0319828987121582
0.032964468002319336
0.031001567840576172
0.03299880027770996
0.031000852584838867
0.03201723098754883
0.030028820037841797
0.032007694244384766
0.0319979190826416
0.03297781944274902
0.030997514724731445
0.031000137329101562
0.03101325035095215
0.03099513053894043
0.030992507934570312
0.030972003936767578
0.032038211822509766
0.033007144927978516
0.03197002410888672
0.03299903869628906
0.030998706817626953
0.03299880027770996
0.03000020980834961
0.03203082084655762
0.03197026252746582
0.03197741508483887
0.03002786636352539
0.03296041488647461
0.03003239631652832
0.03299975395202637
0.0299985408782959
0.0319976806640625
0.03200078010559082
0.03199958801269531
0.029999971389770508
0.03200054168701172
0.031992435455322266
0.03200125694274902
0.03199625015258789
0.03098607063293457
0.031001567840576172
0.03299260139465332
0.031999826431274414
0.03300356864929199
0.031012296676635742
0.031998634338378906
0.03299975395202637
0.03399825096130371
0.03201150894165039
0.03199458122253418
0.031999826431274414
0.03199911117553711
0.031000375747680664
0.030998706817626953
0.030998945236206055
0.03198671340942383
0.029998064041137695
0.03299975395202637
0.031003713607788086
0.032004356384277344
0.030999422073364258
0.03200840950012207
0.030999422073364258
0.03100109100341797
0.030986309051513672
0.03200054168701172
0.031996726989746094
0.030998706817626953
0.03199887275695801
0.030997037887573242
0.03099989891052246
0.031998395919799805
0.031977176666259766
0.031000137329101562
0.03199958801269531
0.0319981575012207
0.03099966049194336
0.031998395919799805
0.032000064849853516
0.03299856185913086
0.030994653701782227
0.034000396728515625
0.032001495361328125
0.03299975395202637
0.031008005142211914
0.032998085021972656
0.031000137329101562
0.03099656105041504
0.0340123176574707
0.034996747970581055
0.030998945236206055
0.031996965408325195
0.030998706817626953
0.032000064849853516
0.03199911117553711
0.032999515533447266
0.03199887275695801
0.03300356864929199
0.030995607376098633
0.017991065979003906
