3.324007272720337
0.0339970588684082
0.03502964973449707
0.034987688064575195
0.03399991989135742
0.03601193428039551
0.031984806060791016
0.03400063514709473
0.03399038314819336
0.03600311279296875
0.031012296676635742
0.031000852584838867
0.03400111198425293
0.031991004943847656
0.03202962875366211
0.03301119804382324
0.02998828887939453
0.03102397918701172
0.029999971389770508
0.0319979190826416
0.031000137329101562
0.032964229583740234
0.031009674072265625
0.032998085021972656
0.031002044677734375
0.0319976806640625
0.031984806060791016
0.03200483322143555
0.03199267387390137
0.033997297286987305
0.0310060977935791
0.03100109100341797
0.02999591827392578
0.031003236770629883
0.032000064849853516
0.03298759460449219
0.031000375747680664
0.03299975395202637
0.03101062774658203
0.0319979190826416
0.03102874755859375
0.031003713607788086
0.032006025314331055
0.03299999237060547
0.030011653900146484
0.03295493125915527
0.030997276306152344
0.03299760818481445
0.031014680862426758
0.05800008773803711
0.029998064041137695
0.040997982025146484
0.03299999237060547
0.028998851776123047
0.029998064041137695
0.03000164031982422
0.03100132942199707
0.028998374938964844
0.03198647499084473
0.0299990177154541
0.03100728988647461
0.03099966049194336
0.03199958801269531
0.03099966049194336
0.03199958801269531
0.031011104583740234
0.029999732971191406
0.03099966049194336
0.03200125694274902
0.02899789810180664
0.02999734878540039
0.031999826431274414
0.032000064849853516
0.031000614166259766
0.030998706817626953
0.03000044822692871
0.0309908390045166
0.030999183654785156
0.03200721740722656
0.029985427856445312
0.03100109100341797
0.030997753143310547
0.03099656105041504
0.032000064849853516
0.032012224197387695
0.03198742866516113
0.031998395919799805
0.0299990177154541
0.030999422073364258
0.03001093864440918
0.03299307823181152
0.03099989891052246
0.031998634338378906
0.028989315032958984
0.03200173377990723
0.03199887275695801
0.03099822998046875
0.030997514724731445
0.03200268745422363
0.03099989891052246
0.032998085021972656
0.031000375747680664
0.03401517868041992
0.03198504447937012
0.03099846839904785
0.03300046920776367
0.03299999237060547
0.030999422073364258
0.03400111198425293
0.030998706817626953
0.03199887275695801
0.031007051467895508
0.031009912490844727
0.03099966049194336
0.03199934959411621
0.029999494552612305
0.03299903869628906
0.031001567840576172
0.03301215171813965
0.029987573623657227
0.031998634338378906
0.030997753143310547
0.030999183654785156
0.0299990177154541
0.03199911117553711
0.029999732971191406
0.03200125694274902
0.03099799156188965
0.03199887275695801
0.031002044677734375
0.0319976806640625
0.030981779098510742
0.031998395919799805
0.03099966049194336
0.03299236297607422
0.0309906005859375
0.03100275993347168
0.03098773956298828
0.031000375747680664
0.03199911117553711
0.03299832344055176
0.03399944305419922
0.030995845794677734
0.030997753143310547
0.03500247001647949
0.03099799156188965
0.031998634338378906
0.03099989891052246
0.032994747161865234
0.031000375747680664
0.03300118446350098
0.03199911117553711
0.031998634338378906
0.03000020980834961
0.03300642967224121
0.03099346160888672
0.03099846839904785
0.031012296676635742
0.03202486038208008
0.03099822998046875
0.03299880027770996
0.03000164031982422
0.03200030326843262
0.03197765350341797
0.03200507164001465
0.03200078010559082
0.03198599815368652
0.030966758728027344
0.03197073936462402
0.03099989891052246
0.030997753143310547
0.03299975395202637
0.03099822998046875
0.03300070762634277
0.03198862075805664
0.030998706817626953
0.0319981575012207
0.030999183654785156
0.031998395919799805
0.029999494552612305
0.03199887275695801
0.029999732971191406
0.0319979190826416
0.030998706817626953
0.031000375747680664
0.030998706817626953
0.030984878540039062
0.03199958801269531
0.03200125694274902
0.03098464012145996
0.03199958801269531
0.030998706817626953
0.03099799156188965
0.031998634338378906
0.032999515533447266
0.03199958801269531
0.03298807144165039
0.03199887275695801
0.031010150909423828
0.03199934959411621
0.030998706817626953
0.031000137329101562
0.032006263732910156
0.0320134162902832
0.03199911117553711
0.031000852584838867
0.030998945236206055
0.03000020980834961
0.031000375747680664
0.03099966049194336
0.03099966049194336
0.03199934959411621
0.03300166130065918
0.031005144119262695
0.03200817108154297
0.031992197036743164
0.03099966049194336
0.030998945236206055
0.030997753143310547
0.03399991989135742
0.03300023078918457
0.031000137329101562
0.03199362754821777
0.03300142288208008
0.033000946044921875
0.029999494552612305
0.03199911117553711
0.031000375747680664
0.03200030326843262
0.029999732971191406
0.03301095962524414
0.030995845794677734
0.03400111198425293
0.031000137329101562
0.033000946044921875
0.03000164031982422
0.03300333023071289
0.03099799156188965
0.030000925064086914
0.0299985408782959
0.030996322631835938
0.03099799156188965
0.034000396728515625
0.0319972038269043
0.03099846839904785
0.03099966049194336
0.032999277114868164
0.031003952026367188
0.03199934959411621
0.03200101852416992
0.03198504447937012
0.03000926971435547
0.032000064849853516
0.029999494552612305
0.03299975395202637
0.03099966049194336
0.032999515533447266
0.03200364112854004
0.032999277114868164
0.030998706817626953
0.03300046920776367
0.03099846839904785
0.029991865158081055
0.03200054168701172
0.03000926971435547
0.03199911117553711
0.032009124755859375
0.03099846839904785
0.030990123748779297
0.03199911117553711
0.031998634338378906
0.03200125694274902
0.03298616409301758
0.031007766723632812
0.03299880027770996
0.03199648857116699
0.03299832344055176
0.03199934959411621
0.03299975395202637
0.031000614166259766
0.03300023078918457
0.030992507934570312
0.03198504447937012
0.0299985408782959
0.030998706817626953
0.029999732971191406
0.03204941749572754
0.031002044677734375
0.030960798263549805
0.031000375747680664
0.03200125694274902
0.030998706817626953
0.03099846839904785
0.031999826431274414
0.03298664093017578
0.03300929069519043
0.032000064849853516
0.029987812042236328
0.03298068046569824
0.031007051467895508
0.032999515533447266
0.03200387954711914
0.03299999237060547
0.031033992767333984
0.033969879150390625
0.031009912490844727
0.0320277214050293
0.03197216987609863
0.031999826431274414
0.029976606369018555
0.031029224395751953
0.029999971389770508
0.03397321701049805
0.03099989891052246
0.032985687255859375
0.03198051452636719
0.033025264739990234
0.031016111373901367
0.03400087356567383
0.029999494552612305
0.030986785888671875
0.030012845993041992
0.031964778900146484
0.03099989891052246
0.03197503089904785
0.03102874755859375
0.03199005126953125
0.03203320503234863
0.031029462814331055
0.03297019004821777
0.03201007843017578
0.03195977210998535
0.03200984001159668
0.031000137329101562
0.030996322631835938
0.030977249145507812
0.03200173377990723
0.03000044822692871
0.03299713134765625
0.03096771240234375
0.03300189971923828
0.03203225135803223
0.03103804588317871
0.029973506927490234
0.031989097595214844
0.030014991760253906
0.03301286697387695
0.030985116958618164
0.032004356384277344
0.0319976806640625
0.032013654708862305
0.03198671340942383
0.033974409103393555
0.030999183654785156
0.031966447830200195
0.03200101852416992
0.031975507736206055
0.03100109100341797
0.03103041648864746
0.0300290584564209
0.03200054168701172
0.03200888633728027
0.03203105926513672
0.031980276107788086
0.03299093246459961
0.030977487564086914
0.032975196838378906
0.03200030326843262
0.03195667266845703
0.03099846839904785
0.03299975395202637
0.030999183654785156
0.014998197555541992
0.03200030326843262
0.03399968147277832
0.03099846839904785
0.03099822998046875
0.030999183654785156
0.03400921821594238
0.03198838233947754
0.031999826431274414
0.029998302459716797
0.030998945236206055
0.030998706817626953
0.031000852584838867
0.031000375747680664
0.03299975395202637
0.030999422073364258
0.03300046920776367
0.030988693237304688
0.030997753143310547
0.029999494552612305
0.03199934959411621
0.0299990177154541
0.03199911117553711
0.032000064849853516
0.031000375747680664
0.032000064849853516
0.03300333023071289
0.030996084213256836
0.032000064849853516
0.03199887275695801
0.03200650215148926
0.03100442886352539
0.03200125694274902
0.03099966049194336
0.032001495361328125
0.03199958801269531
0.030987024307250977
0.030998706817626953
0.029996156692504883
0.03199958801269531
0.030990123748779297
0.03299999237060547
0.02999734878540039
0.03200125694274902
0.03199958801269531
0.03100109100341797
0.0330042839050293
0.03098583221435547
0.030997753143310547
0.03100109100341797
0.03099966049194336
0.029999971389770508
0.031000614166259766
0.0299985408782959
0.03199887275695801
0.031000137329101562
0.033000946044921875
0.0299985408782959
0.03099799156188965
0.03199934959411621
0.03200507164001465
0.03299307823181152
0.0319979190826416
0.030997753143310547
0.031002521514892578
0.03299546241760254
0.03299880027770996
0.03099799156188965
0.03296780586242676
0.03099822998046875
0.03100275993347168
0.03099656105041504
0.03200197219848633
0.031042098999023438
0.03399348258972168
0.03199958801269531
0.03197598457336426
0.030001401901245117
0.030971050262451172
0.030001401901245117
0.03201174736022949
0.031987905502319336
0.03098011016845703
0.03299140930175781
0.030037641525268555
0.031999826431274414
0.032998085021972656
0.029999256134033203
0.031998634338378906
0.03099966049194336
0.032999277114868164
0.029999494552612305
0.04500150680541992
0.0319979190826416
0.031000852584838867
0.03200054168701172
0.03198981285095215
0.0279996395111084
0.030998706817626953
0.02899789810180664
0.03000020980834961
0.029999494552612305
0.03200101852416992
0.02998805046081543
0.0319981575012207
0.030000686645507812
0.03299999237060547
0.030998945236206055
0.031000852584838867
0.03099822998046875
0.03300213813781738
0.0319981575012207
0.030999422073364258
0.029996395111083984
0.03199195861816406
0.03199887275695801
0.030998706817626953
0.03300118446350098
0.03299999237060547
0.031001567840576172
0.034000396728515625
0.03200125694274902
0.03299832344055176
0.03001093864440918
0.03200101852416992
0.0299990177154541
0.029998302459716797
0.02999711036682129
0.031006813049316406
0.031001567840576172
0.030997276306152344
0.030998706817626953
0.03300023078918457
0.03300070762634277
0.030989408493041992
0.03300023078918457
0.030019044876098633
0.03099966049194336
0.03198742866516113
0.03098893165588379
0.031000852584838867
0.03096461296081543
0.032007455825805664
0.03200078010559082
0.03200101852416992
0.030958175659179688
0.032999277114868164
0.031000137329101562
0.03101062774658203
0.03099822998046875
0.029999256134033203
0.03199911117553711
0.03300976753234863
0.03198838233947754
0.03300976753234863
0.030992746353149414
0.031998634338378906
0.03199934959411621
0.032999277114868164
0.03199911117553711
0.03199958801269531
0.030998945236206055
0.03198552131652832
0.030999183654785156
0.03299880027770996
0.03200888633728027
0.03300023078918457
0.032000064849853516
0.03299856185913086
0.0310056209564209
0.032999277114868164
0.03099966049194336
0.03199958801269531
0.03099989891052246
0.02900838851928711
0.03099846839904785
0.030998945236206055
0.032000064849853516
0.031999826431274414
0.03099799156188965
0.03200244903564453
0.03299736976623535
0.029998779296875
0.03200101852416992
0.03400015830993652
0.030998706817626953
0.031998395919799805
0.029999494552612305
0.03199958801269531
0.03199934959411621
0.032000064849853516
0.030999183654785156
0.03300023078918457
0.031000614166259766
0.03299975395202637
0.03099989891052246
0.03199911117553711
0.03099989891052246
0.034000396728515625
0.030999422073364258
0.031996726989746094
0.03100109100341797
0.03200197219848633
0.03197789192199707
0.029999732971191406
0.030997037887573242
0.029993534088134766
0.03199958801269531
0.03299880027770996
0.030000925064086914
0.03199911117553711
0.030999183654785156
0.030998706817626953
0.031000852584838867
0.03200030326843262
0.029999732971191406
0.0319976806640625
0.029999971389770508
0.03200221061706543
0.030997276306152344
0.03000020980834961
0.03300070762634277
0.03199124336242676
0.031010150909423828
0.030997276306152344
0.03200030326843262
0.03200244903564453
0.03199887275695801
0.03199124336242676
0.03099822998046875
0.0319974422454834
0.030998945236206055
0.032998085021972656
0.030994415283203125
0.03000020980834961
0.03099799156188965
0.030997753143310547
0.03099989891052246
0.030998706817626953
0.03199887275695801
0.030997753143310547
0.03100109100341797
0.03099799156188965
0.029999732971191406
0.030000925064086914
0.031005382537841797
0.031998634338378906
0.03200101852416992
0.03200101852416992
0.029998064041137695
0.0299990177154541
0.03200101852416992
0.03399944305419922
0.03199911117553711
0.03200054168701172
0.03099846839904785
0.03199958801269531
0.031000614166259766
0.031989097595214844
0.03000044822692871
0.03300070762634277
0.0310056209564209
0.030999422073364258
0.03099966049194336
0.032002925872802734
0.030997753143310547
0.03200793266296387
0.030997753143310547
0.03099822998046875
0.031000614166259766
0.031999826431274414
0.03200078010559082
0.032001495361328125
0.02999138832092285
0.03199911117553711
0.031999826431274414
0.030986309051513672
0.030968904495239258
0.03299903869628906
0.030997276306152344
0.03198981285095215
0.029978275299072266
0.03199911117553711
0.029955148696899414
0.03397846221923828
0.029999494552612305
0.032001495361328125
0.031035184860229492
0.03299903869628906
0.03199625015258789
0.031972646713256836
0.031004905700683594
0.031996726989746094
0.03200030326843262
0.030972719192504883
0.032045841217041016
0.029994964599609375
0.03296995162963867
0.03303027153015137
0.030965805053710938
0.034001827239990234
0.03198575973510742
0.03199887275695801
0.031013965606689453
0.03200030326843262
0.030997514724731445
0.03299903869628906
0.03199958801269531
0.031998395919799805
0.031000614166259766
0.03300070762634277
0.031000614166259766
0.03299236297607422
0.03200030326843262
0.03299903869628906
0.032000064849853516
0.03198575973510742
0.03199958801269531
0.03099846839904785
0.03199958801269531
0.03198957443237305
0.029999256134033203
0.03200125694274902
0.031998395919799805
0.031991004943847656
0.030010461807250977
0.03201007843017578
0.031996726989746094
0.031992197036743164
0.029998064041137695
0.032999515533447266
0.03099989891052246
0.031999826431274414
0.03099989891052246
0.031996726989746094
0.030999183654785156
0.03199934959411621
0.031003236770629883
0.031998634338378906
0.031999826431274414
0.030999183654785156
0.03200030326843262
0.031000137329101562
0.030991315841674805
0.032000064849853516
0.031998395919799805
0.03199911117553711
0.03200340270996094
0.03301358222961426
0.0319981575012207
0.030991792678833008
0.03199934959411621
0.03400135040283203
0.02999734878540039
0.0329890251159668
0.03199958801269531
0.032998085021972656
0.031003952026367188
0.031998634338378906
0.030997753143310547
0.031998395919799805
0.03200101852416992
0.03298687934875488
0.030999183654785156
0.030988454818725586
0.031000852584838867
0.031998395919799805
0.030994653701782227
0.03199338912963867
0.030991554260253906
0.03299236297607422
0.031012773513793945
0.03200101852416992
0.0169980525970459
0.03399944305419922
0.03399658203125
0.03000473976135254
0.031000614166259766
0.029999732971191406
0.03200244903564453
0.030998945236206055
0.0319976806640625
0.032000064849853516
0.03300023078918457
0.030998945236206055
0.032997846603393555
0.030010223388671875
0.03099989891052246
0.03103041648864746
0.032018184661865234
0.0319821834564209
0.031981706619262695
0.030022859573364258
0.03200268745422363
0.03199648857116699
0.031999826431274414
0.03203415870666504
0.030027151107788086
0.029974699020385742
0.03496718406677246
0.030998706817626953
0.03201007843017578
0.0309903621673584
0.032999277114868164
0.030996322631835938
0.03099822998046875
0.03099966049194336
0.03199958801269531
0.032007694244384766
0.03198575973510742
0.03199958801269531
0.03199911117553711
0.03099989891052246
0.030998706817626953
0.03099989891052246
0.031999826431274414
0.03199911117553711
0.03200936317443848
0.03200054168701172
0.03199887275695801
0.029999971389770508
0.03300023078918457
0.031000137329101562
0.031000852584838867
0.03001093864440918
0.030997753143310547
0.03101348876953125
0.03199958801269531
0.03102278709411621
0.03396320343017578
0.03001117706298828
0.03300786018371582
0.030026674270629883
0.03297066688537598
0.0319974422454834
0.032997846603393555
0.03103017807006836
0.03196859359741211
0.0319976806640625
0.03300142288208008
0.030034303665161133
0.0329747200012207
0.030005455017089844
0.03396296501159668
0.031005859375
0.03200030326843262
0.029999971389770508
0.03197646141052246
0.031028032302856445
0.03199505805969238
0.03099846839904785
0.03299665451049805
0.03296375274658203
0.032001495361328125
0.032033443450927734
0.033969879150390625
0.030998706817626953
0.03301644325256348
0.03098297119140625
0.0330195426940918
0.030971050262451172
0.03198981285095215
0.030963420867919922
0.03200030326843262
0.029964685440063477
0.031000375747680664
0.03199958801269531
0.031033754348754883
0.03096485137939453
0.03102874755859375
0.030965805053710938
0.03298306465148926
0.03199887275695801
0.03200578689575195
0.031000375747680664
0.031978607177734375
0.0310208797454834
0.031000614166259766
0.032013893127441406
0.030998706817626953
0.03200531005859375
0.03199625015258789
0.03199934959411621
0.03099989891052246
0.031999826431274414
0.0319979190826416
0.03199934959411621
0.032994985580444336
0.030998706817626953
0.06000065803527832
0.029998302459716797
0.0309908390045166
0.03200078010559082
0.03000044822692871
0.030998945236206055
0.0299990177154541
0.030998945236206055
0.0299990177154541
0.03200840950012207
0.028999805450439453
0.030999422073364258
0.03000783920288086
0.03098583221435547
0.030000686645507812
0.030988693237304688
0.03099846839904785
0.03099799156188965
0.031000614166259766
0.032999515533447266
0.03099346160888672
0.03199958801269531
0.03199911117553711
0.03300762176513672
0.0299990177154541
0.03300023078918457
0.031000137329101562
0.031999826431274414
0.030998945236206055
0.03299903869628906
0.02899909019470215
0.03199887275695801
0.0319981575012207
0.03201580047607422
0.031984806060791016
0.03199958801269531
0.031000375747680664
0.031002283096313477
0.03099846839904785
0.031998634338378906
0.03099346160888672
0.03199172019958496
0.03199577331542969
0.0310056209564209
0.031000852584838867
0.03299975395202637
0.03099846839904785
0.03199195861816406
0.031999826431274414
0.03099799156188965
0.030999183654785156
0.030998945236206055
0.029998779296875
0.031996965408325195
0.031000375747680664
0.03201103210449219
0.029999494552612305
0.030998706817626953
0.031993865966796875
0.03300309181213379
0.030997753143310547
0.031998395919799805
0.0319979190826416
0.031000137329101562
0.03200054168701172
0.031998395919799805
0.03200125694274902
0.032999277114868164
0.03100299835205078
0.03300070762634277
0.03099989891052246
0.029999971389770508
0.029999732971191406
0.03000664710998535
0.031999826431274414
0.031014204025268555
0.030998706817626953
0.03199887275695801
0.031000614166259766
0.03200078010559082
0.03099966049194336
0.032999277114868164
0.03000044822692871
0.029998779296875
0.031011343002319336
0.0299985408782959
0.03099966049194336
0.031998634338378906
0.030999183654785156
0.03200268745422363
0.030998706817626953
0.03099966049194336
0.030997514724731445
0.032999277114868164
0.029999971389770508
0.0310060977935791
0.030998706817626953
0.031999826431274414
0.03099966049194336
0.030998706817626953
0.03000020980834961
0.03300118446350098
0.031014442443847656
0.032999515533447266
0.032012939453125
0.031999826431274414
0.03000020980834961
0.03199887275695801
0.03099966049194336
0.03200125694274902
0.030997753143310547
0.03099966049194336
0.03199911117553711
0.0319979190826416
0.03199887275695801
0.030985593795776367
0.034011125564575195
0.031005144119262695
0.03199124336242676
0.03200030326843262
0.03299880027770996
0.030997514724731445
0.03300166130065918
0.030997276306152344
0.0319981575012207
0.032999277114868164
0.031000137329101562
0.03298687934875488
0.03000020980834961
0.030999183654785156
0.03099989891052246
0.03199887275695801
0.029997587203979492
0.03299999237060547
0.030999183654785156
0.031000614166259766
0.02900099754333496
0.029998064041137695
0.031983375549316406
0.030989885330200195
0.030999422073364258
0.030997753143310547
0.03199958801269531
0.03199958801269531
0.031012535095214844
0.03099822998046875
0.03099989891052246
0.032999277114868164
0.03199911117553711
0.031998634338378906
0.03099966049194336
0.03198981285095215
0.03099966049194336
0.03099966049194336
0.029999971389770508
0.03099966049194336
0.0299990177154541
0.030998945236206055
0.030999183654785156
0.032998085021972656
0.031005144119262695
0.031984567642211914
0.029999494552612305
0.0320124626159668
0.029986143112182617
0.03198361396789551
0.030012130737304688
0.03199934959411621
0.031000137329101562
0.03099846839904785
0.030998706817626953
0.031999826431274414
0.031000137329101562
0.0299990177154541
0.031998395919799805
0.03099989891052246
0.031999826431274414
0.030999422073364258
0.032999277114868164
0.03199052810668945
0.03099966049194336
0.032999277114868164
0.030000686645507812
0.03099799156188965
0.031009435653686523
0.031000375747680664
0.029000282287597656
0.030998706817626953
0.030998945236206055
0.031002283096313477
0.0319976806640625
0.031000137329101562
0.030998945236206055
0.032000064849853516
0.032999277114868164
0.03400087356567383
0.031999826431274414
0.031984806060791016
0.030004501342773438
0.034001827239990234
0.03199911117553711
0.031998395919799805
0.03200030326843262
0.0340113639831543
0.030999183654785156
0.03299999237060547
0.03099822998046875
0.03099846839904785
0.03100109100341797
0.03199911117553711
0.031000852584838867
0.03201007843017578
0.030999422073364258
0.03200387954711914
0.031000375747680664
0.03300118446350098
0.03101062774658203
0.03100109100341797
0.03199958801269531
0.032002925872802734
0.03099822998046875
0.030999183654785156
0.031996965408325195
0.030998945236206055
0.031999826431274414
0.03400278091430664
0.029999494552612305
0.032035112380981445
0.032965898513793945
0.033000946044921875
0.02997279167175293
0.03197431564331055
0.03101205825805664
0.03099679946899414
0.03096914291381836
0.03198599815368652
0.03096461296081543
0.031996965408325195
0.03099513053894043
0.033005475997924805
0.0299990177154541
0.031000137329101562
0.029987573623657227
0.029998302459716797
0.03000020980834961
0.03199958801269531
0.03098893165588379
0.03199911117553711
0.031000852584838867
0.03199911117553711
0.031000375747680664
0.032004356384277344
0.029987812042236328
0.032999277114868164
0.029990196228027344
0.03199958801269531
0.030999422073364258
0.016999006271362305
0.03299975395202637
0.03200101852416992
0.0299832820892334
0.030998706817626953
0.03199958801269531
0.03299880027770996
0.031000614166259766
0.03299975395202637
0.030998945236206055
0.031002521514892578
0.029999494552612305
0.03299903869628906
0.03000044822692871
0.03199887275695801
0.030999422073364258
0.03399991989135742
0.0299990177154541
0.03299999237060547
0.030998706817626953
0.031000614166259766
0.0319981575012207
0.03098773956298828
0.03099656105041504
0.030997514724731445
0.03200078010559082
0.030997753143310547
0.03198885917663574
0.033003807067871094
0.030995607376098633
0.032034873962402344
0.030999183654785156
0.031981468200683594
0.030042409896850586
0.031000852584838867
0.030999183654785156
0.03297162055969238
0.031000375747680664
0.031000614166259766
0.030995607376098633
0.03199911117553711
0.03099679946899414
0.030000686645507812
0.032010793685913086
0.03300142288208008
0.0319979190826416
0.03298187255859375
0.03098320960998535
0.033011436462402344
0.03100132942199707
0.03300046920776367
0.030999183654785156
0.03299880027770996
0.030998706817626953
0.032999515533447266
0.030999422073364258
0.031984567642211914
0.0299985408782959
0.03199958801269531
0.030986547470092773
0.03199887275695801
0.03199958801269531
0.0340123176574707
0.03098583221435547
0.032999515533447266
0.031999826431274414
0.0319981575012207
0.032000064849853516
0.03299713134765625
0.031000137329101562
0.032006263732910156
0.03100109100341797
0.032999277114868164
0.029998302459716797
0.03200054168701172
0.030994653701782227
0.03200125694274902
0.03099679946899414
0.03099846839904785
0.031998634338378906
0.03199934959411621
0.031995296478271484
0.03197908401489258
0.03099799156188965
0.03098607063293457
0.03300070762634277
0.032999277114868164
0.030999422073364258
0.03099966049194336
0.03099989891052246
0.03200125694274902
0.029999971389770508
0.030029296875
0.0319669246673584
0.032982587814331055
0.032015323638916016
0.03199958801269531
0.03198838233947754
0.03300166130065918
0.03103160858154297
0.0320277214050293
0.03199887275695801
0.032001495361328125
0.031000852584838867
0.030998706817626953
0.03198838233947754
0.03199958801269531
0.03099966049194336
0.03199887275695801
0.03099989891052246
0.03199934959411621
0.03199911117553711
0.03200364112854004
0.02998661994934082
0.029998779296875
0.03201007843017578
0.029992341995239258
0.03301262855529785
0.03199934959411621
0.029000282287597656
0.032001495361328125
0.030995607376098633
0.031998634338378906
0.030998945236206055
0.031986236572265625
0.03200054168701172
0.03199911117553711
0.03200101852416992
0.032958030700683594
0.030998945236206055
0.03400111198425293
0.03203320503234863
0.03397083282470703
0.031030654907226562
0.03300046920776367
0.03200101852416992
0.031022071838378906
0.031010150909423828
0.031000137329101562
0.03199934959411621
0.03203415870666504
0.030981779098510742
0.03300786018371582
0.030001163482666016
0.03303027153015137
0.031005859375
0.03300023078918457
0.03099822998046875
0.03297734260559082
0.03099822998046875
0.03303194046020508
0.030968904495239258
0.031999826431274414
0.03198075294494629
0.03402233123779297
0.031009197235107422
0.050969839096069336
0.02999734878540039
0.03199124336242676
0.0319972038269043
0.028998851776123047
0.03200030326843262
0.029999256134033203
0.03200125694274902
0.029998064041137695
0.029997825622558594
0.030998945236206055
0.03399991989135742
0.031000852584838867
0.03300023078918457
0.03300738334655762
0.032998085021972656
0.030999183654785156
0.030999422073364258
0.03300070762634277
0.03199315071105957
0.03099966049194336
0.03199958801269531
0.031000137329101562
0.03200054168701172
0.03099822998046875
0.03099799156188965
0.03099822998046875
0.03300166130065918
0.03201103210449219
0.03300786018371582
0.03199195861816406
0.033000946044921875
0.03099989891052246
0.033002376556396484
0.030999183654785156
0.030999183654785156
0.0299985408782959
0.03299832344055176
0.030999183654785156
0.032997846603393555
0.03099966049194336
0.03397679328918457
0.029998064041137695
0.032999515533447266
0.032000064849853516
0.03298783302307129
0.029994726181030273
0.03300023078918457
0.030999422073364258
0.030999422073364258
0.030008792877197266
0.03199887275695801
0.03200697898864746
0.03199934959411621
0.028990745544433594
0.03200221061706543
0.031998634338378906
0.03099656105041504
0.030997514724731445
0.03100299835205078
0.03200078010559082
0.03099822998046875
0.03299903869628906
0.033998966217041016
0.030997037887573242
0.032999277114868164
0.030997514724731445
0.0319974422454834
0.030999422073364258
0.03300023078918457
0.03099989891052246
0.03299522399902344
0.03100132942199707
0.03299903869628906
0.03199934959411621
0.03200054168701172
0.03200030326843262
0.031996726989746094
0.03199887275695801
0.03200078010559082
0.030999422073364258
0.032007455825805664
0.030986547470092773
0.03200030326843262
0.03199934959411621
0.03199958801269531
0.03099966049194336
0.033998966217041016
0.03000044822692871
0.032004356384277344
0.029999494552612305
0.030998945236206055
0.031998634338378906
0.030988216400146484
0.033013105392456055
0.03199934959411621
0.03200411796569824
0.031996965408325195
0.03299975395202637
0.0319979190826416
0.03000020980834961
0.03199911117553711
0.03099966049194336
0.03199958801269531
0.03099989891052246
0.032000064849853516
0.03101372718811035
0.031000137329101562
0.030997753143310547
0.03200030326843262
0.029999256134033203
0.03099846839904785
0.03200078010559082
0.03299522399902344
0.03099989891052246
0.033998966217041016
0.032015085220336914
0.031998634338378906
0.03099989891052246
0.03299975395202637
0.03099822998046875
0.03299903869628906
0.029999494552612305
0.03099989891052246
0.031000137329101562
0.03299832344055176
0.031008005142211914
0.03299903869628906
0.031002283096313477
0.03199911117553711
0.031000137329101562
0.032999277114868164
0.03199934959411621
0.031998634338378906
0.031005144119262695
0.03300118446350098
0.029998064041137695
0.03099370002746582
0.03300023078918457
0.0319981575012207
0.03199887275695801
0.03099989891052246
0.031999826431274414
0.031992435455322266
0.030009746551513672
0.03299736976623535
0.03200697898864746
0.032999515533447266
0.03100109100341797
0.03199958801269531
0.032000064849853516
0.031995296478271484
0.03200197219848633
0.03299880027770996
0.031006574630737305
0.03299999237060547
0.03200030326843262
0.030998945236206055
0.031008243560791016
0.03200173377990723
0.030998706817626953
0.03099799156188965
0.03199934959411621
0.031996726989746094
0.031999826431274414
0.03299832344055176
0.031001806259155273
0.0319981575012207
0.031000614166259766
0.031998634338378906
0.03099846839904785
0.030998706817626953
0.03200030326843262
0.03199887275695801
0.029998302459716797
0.032999277114868164
0.03101181983947754
0.03099989891052246
0.02899956703186035
0.029998064041137695
0.03099989891052246
0.03300046920776367
0.03001236915588379
0.03198862075805664
0.030999183654785156
0.03199434280395508
0.029999494552612305
0.031998634338378906
0.0299990177154541
0.030999422073364258
0.03099966049194336
0.03099989891052246
0.02999734878540039
0.0319981575012207
0.02999591827392578
0.031999826431274414
0.030000925064086914
0.03200054168701172
0.031011581420898438
0.0319981575012207
0.031003952026367188
0.03298759460449219
0.031000852584838867
0.0319819450378418
0.029974699020385742
0.03100109100341797
0.03099989891052246
0.03200101852416992
0.032003164291381836
0.030998706817626953
0.03199887275695801
0.030997753143310547
0.031003713607788086
0.03198719024658203
0.029997825622558594
0.03100895881652832
0.031012773513793945
0.01600027084350586
