11.281424760818481
0.050983428955078125
0.05296492576599121
0.05298209190368652
0.047976016998291016
0.05199909210205078
0.05098843574523926
0.052004337310791016
0.04999899864196777
0.05099987983703613
0.29199981689453125
0.050997018814086914
0.04899787902832031
0.05099821090698242
0.053000688552856445
0.05099916458129883
0.04999876022338867
0.04899883270263672
0.04899859428405762
0.04899883270263672
0.047998905181884766
0.020998239517211914
0.04999828338623047
0.04999804496765137
0.05000185966491699
0.05196547508239746
0.04999876022338867
0.04900026321411133
0.04899930953979492
0.04799914360046387
0.049005746841430664
0.04995608329772949
0.021999359130859375
