7.923256874084473
0.20101475715637207
0.19096994400024414
0.18645167350769043
0.18497347831726074
0.18799901008605957
0.18899774551391602
0.18903708457946777
0.18899941444396973
0.18599724769592285
0.10099935531616211
0.18999814987182617
0.18399953842163086
0.18399882316589355
0.18600034713745117
0.18702435493469238
0.18899798393249512
0.18604373931884766
0.18498492240905762
0.18600034713745117
0.18599820137023926
0.09998774528503418
0.18398427963256836
0.18600034713745117
0.18499994277954102
0.18703436851501465
0.1869971752166748
0.18740534782409668
0.18697285652160645
0.1869981288909912
0.18799591064453125
0.18798565864562988
0.09901046752929688
