6.973718166351318
0.17802882194519043
0.17702436447143555
0.17598772048950195
0.17501330375671387
0.17699813842773438
0.17600369453430176
0.17499828338623047
0.17600202560424805
0.17499637603759766
1.0910747051239014
0.17800140380859375
0.1728835105895996
0.17104673385620117
0.17497467994689941
0.17603206634521484
0.17599940299987793
0.17387962341308594
0.17704296112060547
0.1770012378692627
0.17501425743103027
0.09199881553649902
0.17903733253479004
0.1750040054321289
0.1770000457763672
0.17599749565124512
0.1763598918914795
0.17703533172607422
0.17302322387695312
0.17402243614196777
0.1760108470916748
0.17403626441955566
0.09300112724304199
