3.0490236282348633
0.19501090049743652
0.1920006275177002
0.19397997856140137
0.19497895240783691
0.19599437713623047
0.1940302848815918
0.19099807739257812
0.19299936294555664
0.19197392463684082
0.7211575508117676
0.19699835777282715
0.19303107261657715
0.19100069999694824
0.18999648094177246
0.191009521484375
0.19199728965759277
0.19299578666687012
0.19100165367126465
0.19297552108764648
0.19095206260681152
0.0879981517791748
0.1959977149963379
0.19099783897399902
0.22499608993530273
0.1920008659362793
0.19099903106689453
0.19199705123901367
0.1910092830657959
0.19100141525268555
0.19405508041381836
0.19101357460021973
0.08899998664855957
