5.048159599304199
0.03299903869628906
0.034000396728515625
0.03399991989135742
0.030000686645507812
0.030997276306152344
0.031003475189208984
0.03399944305419922
0.030008316040039062
0.031000614166259766
0.029998064041137695
0.03198671340942383
0.03100752830505371
0.03198552131652832
0.030999422073364258
0.03199887275695801
0.03300189971923828
0.031011104583740234
0.03098773956298828
0.03199934959411621
0.03100132942199707
0.03298830986022949
0.029989242553710938
0.03200078010559082
0.03299975395202637
0.03399944305419922
0.03299713134765625
0.0330049991607666
0.03200101852416992
0.03199911117553711
0.032997846603393555
0.03200483322143555
0.02997446060180664
0.03300142288208008
0.03299760818481445
0.033980369567871094
0.032987356185913086
0.03299713134765625
0.030999183654785156
0.032945871353149414
0.030999422073364258
0.03300046920776367
0.030992984771728516
0.03299999237060547
0.032000064849853516
0.03399968147277832
0.0299990177154541
0.031987905502319336
0.030999422073364258
0.03399920463562012
0.030999183654785156
0.032999277114868164
0.032000064849853516
0.03299999237060547
0.03200030326843262
0.0340118408203125
0.030998706817626953
0.030998945236206055
0.031008005142211914
0.03400063514709473
0.03399944305419922
0.0319979190826416
0.030999422073364258
0.03299903869628906
0.03099966049194336
0.03199887275695801
0.03199911117553711
0.031980276107788086
0.030999183654785156
0.03300333023071289
0.03099966049194336
0.03299856185913086
0.03099989891052246
0.03398561477661133
0.0280001163482666
0.03200125694274902
0.03200531005859375
0.030997753143310547
0.030997753143310547
0.034000396728515625
0.031001806259155273
0.031998634338378906
0.03299736976623535
0.03199934959411621
0.0319979190826416
0.03300738334655762
0.0309903621673584
0.030997514724731445
0.03200483322143555
0.031000614166259766
0.031998395919799805
0.03299880027770996
0.029999494552612305
0.03400015830993652
0.03199958801269531
0.029999256134033203
0.031001567840576172
0.03293728828430176
0.029978513717651367
0.03296065330505371
0.03261852264404297
0.033025264739990234
0.03099966049194336
0.032999277114868164
0.0319976806640625
0.03300118446350098
0.0299680233001709
0.032998085021972656
0.03201580047607422
0.032013893127441406
0.03097701072692871
0.03299736976623535
0.030983924865722656
0.03299570083618164
0.03196859359741211
0.033000946044921875
0.033013343811035156
0.03299999237060547
0.03099989891052246
0.031996965408325195
0.03099966049194336
0.0319979190826416
0.0299985408782959
0.03199934959411621
0.03100132942199707
0.03599882125854492
0.03299999237060547
0.029998064041137695
0.031998395919799805
0.031998634338378906
0.03200078010559082
0.03000164031982422
0.030999422073364258
0.029998302459716797
0.030013322830200195
0.03298783302307129
0.0319981575012207
0.03200078010559082
0.031010866165161133
0.03199958801269531
0.030997276306152344
0.03299760818481445
0.03203439712524414
0.03301858901977539
0.030979633331298828
0.03300070762634277
0.030997753143310547
0.03200054168701172
0.03099679946899414
0.032997846603393555
0.030973434448242188
0.03300189971923828
0.031047582626342773
0.03200411796569824
0.03297543525695801
0.03299856185913086
0.03400230407714844
0.03299427032470703
0.0310056209564209
0.031000852584838867
0.0299990177154541
0.03199958801269531
0.03200078010559082
0.03100132942199707
0.031000375747680664
0.03200387954711914
0.0319979190826416
0.031993865966796875
0.03197026252746582
0.03300023078918457
0.032000064849853516
0.03199887275695801
0.033969879150390625
0.03299713134765625
0.031967878341674805
0.0330357551574707
0.029999494552612305
0.03401374816894531
0.030987024307250977
0.03399944305419922
0.03203010559082031
0.033977508544921875
0.032004594802856445
0.032006025314331055
0.03199195861816406
0.034029483795166016
0.16597485542297363
0.03400135040283203
0.032988548278808594
0.032996416091918945
0.0339963436126709
0.032978057861328125
0.03298521041870117
0.031000375747680664
0.030996322631835938
0.03100132942199707
0.03300023078918457
0.031998634338378906
0.033000946044921875
0.030998706817626953
0.032999515533447266
0.03301215171813965
0.03099679946899414
0.03299999237060547
0.033997297286987305
0.03300023078918457
0.033998727798461914
0.03299999237060547
0.031998395919799805
0.03101181983947754
0.0349733829498291
0.029968976974487305
0.03296852111816406
0.031002044677734375
0.03200054168701172
0.03200078010559082
0.03297114372253418
0.031000375747680664
0.030982255935668945
0.031001567840576172
0.0349729061126709
0.032975196838378906
0.03200054168701172
0.03300070762634277
0.031976938247680664
0.03102898597717285
0.03297066688537598
0.03200197219848633
0.03399395942687988
0.030003786087036133
0.033957719802856445
0.03201866149902344
0.032970428466796875
0.03200054168701172
0.032968759536743164
0.030982255935668945
0.0349574089050293
0.031001567840576172
0.033002376556396484
0.0309755802154541
0.03496575355529785
0.031032562255859375
0.03397369384765625
0.030999183654785156
0.03497123718261719
0.03197979927062988
0.03398442268371582
0.03197121620178223
0.033941030502319336
0.03300762176513672
0.034455299377441406
0.03297591209411621
0.033019065856933594
0.03099846839904785
0.03303194046020508
0.03100275993347168
0.0319972038269043
0.029999971389770508
0.03196907043457031
0.031000614166259766
0.0320286750793457
0.031963348388671875
0.034039974212646484
0.029970169067382812
0.03399991989135742
0.034972429275512695
0.03299903869628906
0.033030033111572266
0.03399801254272461
0.031998634338378906
0.031999826431274414
0.0319976806640625
0.03199958801269531
0.033998727798461914
0.031998395919799805
0.03199958801269531
0.033014535903930664
0.033998727798461914
0.03399825096130371
0.03198862075805664
0.03200173377990723
0.03099656105041504
0.031987905502319336
0.03299975395202637
0.032000064849853516
0.03299570083618164
0.03400015830993652
0.03299856185913086
0.033989667892456055
0.030009746551513672
0.03199887275695801
0.030998945236206055
0.031990766525268555
0.030000686645507812
0.03484153747558594
0.03200125694274902
0.033020734786987305
0.03198814392089844
0.03597402572631836
0.03200268745422363
0.03399062156677246
0.03300595283508301
0.03204536437988281
0.030001163482666016
0.03397393226623535
0.03199887275695801
0.031999826431274414
0.03099989891052246
0.03200197219848633
0.031011104583740234
0.033998966217041016
0.032001495361328125
0.03295636177062988
0.031041383743286133
0.03299880027770996
0.03203892707824707
0.03402876853942871
0.03299999237060547
0.03699803352355957
0.036000728607177734
0.0319972038269043
0.03099966049194336
0.03200387954711914
0.031005859375
0.03500056266784668
0.03199911117553711
0.030010223388671875
0.03199887275695801
0.03200101852416992
0.03402876853942871
0.033002614974975586
0.03200054168701172
0.03399014472961426
0.03200030326843262
0.03497481346130371
0.031000852584838867
0.03198742866516113
0.03300619125366211
0.03401994705200195
0.03099846839904785
0.03302884101867676
0.031000375747680664
0.03399920463562012
0.0310361385345459
0.03399968147277832
0.030023574829101562
0.032984256744384766
0.0310208797454834
0.031001567840576172
0.03098917007446289
0.031993865966796875
0.03400564193725586
0.03300046920776367
0.03199887275695801
0.03095078468322754
0.03200173377990723
0.032000064849853516
0.032999277114868164
0.03300046920776367
0.0319979190826416
0.03199434280395508
0.03299999237060547
0.0319981575012207
0.032001495361328125
0.03200078010559082
0.0299990177154541
0.0299990177154541
0.03199958801269531
0.030997514724731445
0.031000137329101562
0.0319981575012207
0.03199911117553711
0.032003164291381836
0.016988039016723633
