5.490240812301636
0.05699777603149414
0.0569913387298584
0.05301165580749512
0.05399942398071289
0.05099916458129883
0.048998355865478516
0.05099821090698242
0.05100059509277344
0.05000138282775879
0.27196741104125977
0.051000118255615234
0.05299687385559082
0.04899859428405762
0.05002951622009277
0.04897952079772949
0.04899930953979492
0.0520017147064209
0.050043582916259766
0.04902911186218262
0.046990156173706055
0.02001333236694336
0.04899930953979492
0.051995277404785156
0.049009084701538086
0.05003023147583008
0.048023223876953125
0.05000019073486328
0.048004150390625
0.04599952697753906
0.05102801322937012
0.048035621643066406
0.02402210235595703
