3.4040112495422363
0.047989606857299805
0.04399442672729492
0.04500246047973633
0.03998541831970215
0.046013593673706055
0.03999972343444824
0.040999412536621094
0.03899884223937988
0.03999900817871094
0.039997100830078125
0.04200005531311035
0.04000663757324219
0.04000043869018555
0.03999924659729004
0.0410006046295166
0.039998531341552734
0.04000115394592285
0.03899884223937988
0.038999080657958984
0.03799772262573242
0.039997100830078125
0.039002180099487305
0.03902316093444824
0.040975093841552734
0.04000496864318848
0.26697754859924316
0.07599949836730957
0.04199957847595215
0.03899884223937988
0.03899645805358887
0.04000139236450195
0.038999319076538086
0.03799843788146973
0.03999924659729004
0.03600049018859863
0.041013240814208984
0.038016557693481445
0.039997100830078125
0.03900480270385742
0.03999924659729004
0.03997230529785156
0.039986610412597656
0.03699350357055664
0.0419926643371582
0.03704023361206055
0.040000200271606445
0.03998446464538574
0.04099869728088379
0.03999662399291992
0.040998220443725586
0.040975093841552734
0.039997100830078125
0.02700209617614746
0.03899717330932617
0.03899860382080078
0.037999629974365234
0.039031267166137695
0.03596782684326172
0.04002737998962402
0.03898811340332031
0.03899097442626953
0.035997867584228516
0.040004730224609375
0.03799629211425781
0.04099702835083008
0.0389704704284668
0.041008949279785156
0.03799796104431152
0.04102921485900879
0.04095458984375
0.040975332260131836
0.04003143310546875
0.04100441932678223
0.0400233268737793
0.04199957847595215
0.040000200271606445
0.04000139236450195
0.03999614715576172
0.041019439697265625
0.023976802825927734
