7.314995527267456
0.1660010814666748
0.15499448776245117
0.15522074699401855
0.15703797340393066
0.15701818466186523
0.15599870681762695
0.15599870681762695
0.15698671340942383
0.15398836135864258
0.15500402450561523
0.15600085258483887
0.15402889251708984
0.15799832344055176
0.15503430366516113
0.15601539611816406
0.1579740047454834
0.15702199935913086
0.15599942207336426
0.15700578689575195
0.15803170204162598
0.15298724174499512
0.15497565269470215
0.1530003547668457
0.1550137996673584
0.15299153327941895
0.1139822006225586
0.16100430488586426
0.15999889373779297
0.15404486656188965
0.15301990509033203
0.15800833702087402
0.15689992904663086
0.15700292587280273
0.15501165390014648
0.15301895141601562
0.15496563911437988
0.15599846839904785
0.15699315071105957
0.1560218334197998
0.1560218334197998
0.15396714210510254
0.15602970123291016
0.15599727630615234
0.15599918365478516
0.15599536895751953
0.15499353408813477
0.15599918365478516
0.15713238716125488
0.15300440788269043
0.1540210247039795
0.1550309658050537
0.1549978256225586
0.1110990047454834
0.15999794006347656
0.1529998779296875
0.15703272819519043
0.1549983024597168
0.15799880027770996
0.1550278663635254
0.15802311897277832
0.15618634223937988
0.15299701690673828
0.15498590469360352
0.15400004386901855
0.15470433235168457
0.15599775314331055
0.15700221061706543
0.1549985408782959
0.15599989891052246
0.15602588653564453
0.15300798416137695
0.15100979804992676
0.15397238731384277
0.15800929069519043
0.15700936317443848
0.155015230178833
0.15598750114440918
0.1540210247039795
0.15797758102416992
0.11299920082092285
