6.072716236114502
0.17796087265014648
0.17698049545288086
0.17599964141845703
0.17821669578552246
0.1750171184539795
0.181990385055542
0.1750035285949707
0.17801713943481445
0.17599129676818848
1.0620002746582031
0.17903542518615723
0.17599821090698242
0.1770007610321045
0.17699790000915527
0.17601561546325684
0.1770009994506836
0.17601823806762695
0.17599105834960938
0.1759319305419922
0.17600059509277344
0.08698844909667969
0.18499970436096191
0.17602157592773438
0.17802858352661133
0.17403006553649902
0.17500066757202148
0.17999744415283203
0.1770000457763672
0.17699599266052246
0.17598724365234375
0.17801260948181152
0.0889444351196289
