7.004615545272827
0.12098431587219238
0.12097787857055664
0.12199950218200684
0.11999702453613281
0.11899852752685547
0.1220095157623291
0.12399864196777344
0.12497878074645996
0.12200522422790527
0.12000036239624023
0.11902880668640137
0.12000226974487305
0.12201833724975586
0.12101292610168457
0.12200117111206055
0.12299966812133789
0.12199974060058594
0.12195467948913574
0.1260080337524414
0.11999917030334473
0.12300467491149902
0.12199664115905762
0.12299895286560059
0.12199878692626953
0.12700152397155762
0.1249997615814209
0.12399768829345703
0.12099933624267578
0.11899900436401367
0.1289997100830078
0.12398791313171387
0.12600040435791016
0.12099790573120117
0.12599873542785645
0.12303447723388672
0.12600016593933105
0.12399029731750488
0.12600111961364746
0.12098574638366699
0.12042784690856934
0.12099981307983398
0.12398600578308105
0.12000346183776855
0.12099766731262207
0.12099695205688477
0.11999964714050293
0.12702631950378418
0.12099647521972656
0.1210024356842041
0.12399816513061523
0.12200212478637695
0.12500786781311035
0.12195682525634766
0.12100076675415039
0.11996316909790039
0.11999940872192383
0.11898660659790039
0.11999940872192383
0.126023530960083
0.11899733543395996
0.12099933624267578
0.12099528312683105
0.12098407745361328
0.139998197555542
0.11600136756896973
0.1240243911743164
0.11998772621154785
0.12299156188964844
0.12103581428527832
0.12099885940551758
0.1210019588470459
0.12199926376342773
0.11899900436401367
0.12002158164978027
0.12099838256835938
0.12099599838256836
0.12800216674804688
0.12300419807434082
0.11899948120117188
0.12003660202026367
0.1190028190612793
0.1250314712524414
0.12599635124206543
0.11999869346618652
0.12299895286560059
0.12098979949951172
0.12199687957763672
0.1249995231628418
0.12199664115905762
0.12299060821533203
0.12200069427490234
0.12200689315795898
0.1279749870300293
0.12600135803222656
0.12598729133605957
0.1250135898590088
0.12399888038635254
0.12501978874206543
0.12099838256835938
0.11899971961975098
0.11902809143066406
0.12199807167053223
0.12000083923339844
0.1220245361328125
0.1230003833770752
0.12499761581420898
0.12199807167053223
0.12402224540710449
0.1249995231628418
0.12499690055847168
0.12799882888793945
0.12700724601745605
0.12500262260437012
0.1230003833770752
0.1249997615814209
0.11999964714050293
0.12399601936340332
0.12099933624267578
0.1270003318786621
0.1199798583984375
0.12800025939941406
0.12299299240112305
0.125993013381958
0.1250290870666504
0.12202024459838867
0.1229848861694336
0.12799930572509766
0.12800002098083496
0.13199901580810547
0.13399982452392578
0.1250169277191162
0.13100218772888184
0.12399864196777344
0.12099194526672363
0.12099957466125488
0.11799931526184082
0.12599992752075195
0.11899852752685547
0.11899781227111816
0.12199878692626953
0.12199807167053223
0.12399864196777344
0.1270008087158203
0.1309986114501953
0.13000011444091797
0.12101078033447266
0.12200069427490234
0.1289994716644287
0.12899994850158691
0.12599778175354004
0.14400196075439453
0.12599968910217285
0.1269974708557129
0.13299965858459473
0.11799907684326172
0.1230008602142334
0.1269979476928711
0.13599777221679688
0.12299942970275879
0.1270003318786621
0.11899781227111816
0.12099838256835938
0.14100003242492676
0.11899900436401367
0.11699819564819336
0.11800003051757812
0.11900162696838379
0.15900111198425293
0.12799859046936035
0.13400030136108398
0.12299752235412598
0.12500381469726562
0.12399911880493164
0.1309983730316162
0.12800002098083496
0.13699936866760254
0.12400007247924805
0.11699914932250977
0.15900135040283203
0.12599921226501465
0.12799811363220215
0.13299965858459473
0.1320035457611084
0.11699748039245605
0.12200045585632324
1.1180040836334229
0.12799882888793945
0.12099933624267578
0.1159980297088623
0.11903643608093262
0.12299489974975586
0.12200021743774414
0.12000584602355957
0.12102246284484863
0.12200117111206055
0.12003445625305176
0.1199951171875
0.1229863166809082
0.12100553512573242
0.11995506286621094
0.11999940872192383
0.12302565574645996
0.12099766731262207
0.12000441551208496
0.12099885940551758
0.12102413177490234
0.12098407745361328
0.12200689315795898
0.11800289154052734
0.1209707260131836
0.12200641632080078
0.12199664115905762
0.11899876594543457
0.12099981307983398
0.12199783325195312
0.11900115013122559
0.12200713157653809
0.11999917030334473
0.11799764633178711
0.11999773979187012
0.12099790573120117
0.12003540992736816
0.12099766731262207
0.12000179290771484
0.121612548828125
0.12100028991699219
0.1209862232208252
0.12081003189086914
0.12197065353393555
0.12000012397766113
0.12100005149841309
0.12599778175354004
0.11699748039245605
0.12099885940551758
0.12200117111206055
0.12702322006225586
0.127030611038208
0.12399935722351074
0.11999893188476562
0.12098407745361328
0.12299942970275879
0.1210019588470459
0.12196922302246094
0.11899948120117188
0.11899757385253906
0.12099933624267578
0.1200113296508789
0.1219639778137207
0.12501788139343262
0.12000799179077148
0.12002229690551758
0.12002444267272949
0.11997413635253906
0.12299990653991699
0.1269998550415039
0.11999821662902832
0.11900043487548828
0.11599898338317871
0.11996221542358398
0.1250307559967041
0.12299895286560059
0.12402105331420898
0.1250011920928955
0.12500500679016113
0.12403106689453125
0.12699413299560547
0.12236332893371582
0.11997008323669434
0.12099814414978027
0.12002182006835938
0.12099671363830566
0.12197661399841309
0.12203168869018555
0.12096762657165527
0.12303042411804199
0.12100601196289062
0.12204432487487793
0.12100100517272949
0.12100052833557129
0.12101006507873535
0.12000155448913574
0.12099766731262207
0.12199974060058594
0.12099885940551758
0.12099766731262207
0.12299728393554688
0.12500238418579102
0.12500262260437012
0.12399959564208984
0.12799835205078125
0.12499523162841797
0.12401628494262695
0.11898660659790039
0.12102961540222168
0.11903572082519531
0.12000012397766113
0.12100076675415039
0.1249990463256836
0.11999964714050293
0.11999940872192383
0.11799788475036621
0.12000036239624023
0.1200249195098877
0.12199854850769043
0.12200045585632324
0.12198615074157715
0.12400054931640625
0.1379988193511963
0.11999940872192383
0.12000823020935059
0.12199997901916504
0.1230008602142334
0.12298583984375
0.12401390075683594
0.12299942970275879
0.1249997615814209
0.12299680709838867
0.1249990463256836
0.12501049041748047
0.12199592590332031
0.12003111839294434
0.12104272842407227
0.11902427673339844
0.12099957466125488
0.12200212478637695
0.12100338935852051
0.12399721145629883
0.12298250198364258
0.1249997615814209
0.12499618530273438
0.11899709701538086
0.12498974800109863
0.1239919662475586
0.12202215194702148
0.12202334403991699
0.11699986457824707
0.12001228332519531
0.11999917030334473
0.11902427673339844
0.12101173400878906
0.12300252914428711
0.12200307846069336
0.12099623680114746
0.11899900436401367
0.1210167407989502
0.12399935722351074
0.12796831130981445
0.11499857902526855
0.11800074577331543
0.12298297882080078
0.12001276016235352
0.12200093269348145
0.12099933624267578
0.12198472023010254
0.12099981307983398
0.12102913856506348
0.12300944328308105
0.12207746505737305
0.12002182006835938
0.12598967552185059
0.11999917030334473
0.1249992847442627
0.12300825119018555
0.12198472023010254
0.12002229690551758
0.12198805809020996
0.11999654769897461
0.12398958206176758
0.12396407127380371
0.12298464775085449
0.12500309944152832
0.169999361038208
0.06500029563903809
