7.199998140335083
0.18898487091064453
0.18743348121643066
0.18900012969970703
0.18799996376037598
0.1866753101348877
0.18699932098388672
0.18597793579101562
0.1879734992980957
0.18900203704833984
0.09699892997741699
0.19004178047180176
0.1889972686767578
0.18600010871887207
0.18702936172485352
0.1830129623413086
0.18599724769592285
0.18799138069152832
0.1900014877319336
0.18599891662597656
0.1820361614227295
0.098052978515625
0.19099831581115723
0.18902063369750977
0.18898320198059082
0.18801259994506836
0.1900005340576172
0.18696951866149902
0.18701481819152832
0.18900704383850098
0.18399953842163086
0.18712615966796875
0.10098648071289062
