8.975998163223267
0.14100027084350586
0.14099860191345215
0.13599848747253418
0.13400936126708984
0.1329936981201172
0.1309974193572998
0.12799882888793945
0.13299059867858887
0.1309983730316162
0.12600135803222656
0.13199949264526367
0.12698936462402344
0.12999916076660156
0.12999653816223145
0.1280226707458496
0.1309981346130371
0.12999773025512695
0.1279911994934082
0.1289992332458496
0.13000082969665527
0.13297104835510254
0.13200139999389648
0.13195371627807617
0.1300029754638672
0.126997709274292
0.12800025939941406
0.12799954414367676
0.13100218772888184
0.1307222843170166
0.1249990463256836
0.1289985179901123
0.1340010166168213
0.12999486923217773
0.13499951362609863
0.13299083709716797
0.13199830055236816
0.12999892234802246
0.125993013381958
0.12800145149230957
0.1340007781982422
0.13300013542175293
0.13299036026000977
0.12898635864257812
0.13199901580810547
0.12800288200378418
0.1289989948272705
0.13144779205322266
0.13097357749938965
0.13001012802124023
0.13099074363708496
0.14699912071228027
0.15099859237670898
0.13499927520751953
0.14100050926208496
0.13100075721740723
0.13499999046325684
0.13302350044250488
0.12999916076660156
0.1289987564086914
0.13199877738952637
0.13100242614746094
0.13999533653259277
0.12903952598571777
0.12701058387756348
0.12799930572509766
0.12999796867370605
0.12999486923217773
0.13499832153320312
0.1249992847442627
0.128004789352417
0.12800002098083496
0.12803053855895996
0.1279911994934082
0.1270003318786621
0.1310100555419922
0.13199734687805176
0.12999653816223145
0.12900042533874512
0.12800025939941406
0.12800025939941406
0.12799978256225586
0.13598966598510742
0.134993314743042
0.12600111961364746
0.12800025939941406
0.1250004768371582
0.12700486183166504
0.12799930572509766
0.12799906730651855
0.12799882888793945
0.12999892234802246
0.1289985179901123
0.12799882888793945
0.12999725341796875
0.1310138702392578
0.13099908828735352
0.12802886962890625
0.12798666954040527
0.1289975643157959
0.13296985626220703
0.12499856948852539
0.13500070571899414
0.13199687004089355
0.12999916076660156
0.13002324104309082
0.12800216674804688
0.13100147247314453
0.13100123405456543
0.12899494171142578
0.12799811363220215
0.13400030136108398
0.13200068473815918
0.12899208068847656
0.13004326820373535
0.12999939918518066
0.12801074981689453
0.12399911880493164
0.12900161743164062
0.14599990844726562
0.13600444793701172
0.13199806213378906
0.13099956512451172
0.13199949264526367
0.13300013542175293
0.13201165199279785
0.1340014934539795
0.13099217414855957
0.1309983730316162
0.13000082969665527
0.13201570510864258
0.13199830055236816
0.12698698043823242
0.1270289421081543
0.13199830055236816
0.13102507591247559
0.13100075721740723
0.1270003318786621
0.13199877738952637
0.12999868392944336
0.1269998550415039
0.12599897384643555
0.12701201438903809
0.12799859046936035
0.12603521347045898
0.13095402717590332
0.14499688148498535
0.12799954414367676
0.12799549102783203
0.12900042533874512
0.13099908828735352
0.13302159309387207
0.13198423385620117
0.12999725341796875
0.1269984245300293
0.1549510955810547
0.13299560546875
0.13399791717529297
0.13000273704528809
0.12799715995788574
0.127000093460083
0.13100051879882812
0.1289994716644287
0.12902450561523438
0.12999892234802246
0.1309983730316162
0.13003253936767578
0.12999296188354492
0.12799906730651855
0.13599610328674316
0.1679983139038086
0.13699984550476074
0.15998458862304688
0.128035306930542
0.13599705696105957
0.14499616622924805
0.13100028038024902
0.12799882888793945
0.1269972324371338
0.12400007247924805
0.1240091323852539
0.12600064277648926
0.12799930572509766
0.12799811363220215
0.12502431869506836
0.13299918174743652
0.0709986686706543
0.13199949264526367
0.12898778915405273
0.13599801063537598
0.13596582412719727
0.13300633430480957
0.13201045989990234
0.1309678554534912
0.12703347206115723
0.13599896430969238
0.13100028038024902
0.12902021408081055
0.1309981346130371
0.13099980354309082
0.13098669052124023
0.13099908828735352
0.1309671401977539
0.1289987564086914
0.13400626182556152
0.12499785423278809
0.12799859046936035
0.1309983730316162
0.12899994850158691
0.12798833847045898
0.12999773025512695
0.13499832153320312
0.12800121307373047
0.12799668312072754
0.12601375579833984
0.12798857688903809
0.12999320030212402
0.12799978256225586
0.12999868392944336
0.1300194263458252
0.1289992332458496
0.13000059127807617
0.12799859046936035
0.13004779815673828
0.13099908828735352
0.1310725212097168
0.12796831130981445
0.1289980411529541
0.12604331970214844
0.13103199005126953
0.12999200820922852
0.1300361156463623
0.1279892921447754
0.12898707389831543
0.13001108169555664
0.13199877738952637
0.1289963722229004
0.12799930572509766
0.13299202919006348
0.12898993492126465
0.1289968490600586
0.12800025939941406
0.13002419471740723
0.1320323944091797
0.13100004196166992
0.12898969650268555
0.12999939918518066
0.13199877738952637
0.13199901580810547
0.12899255752563477
0.131988525390625
0.1289989948272705
0.12994933128356934
0.13099145889282227
0.1299574375152588
0.1289987564086914
0.1320326328277588
0.1309976577758789
0.13103556632995605
0.13095474243164062
0.13199901580810547
0.13032102584838867
0.1279919147491455
0.13301801681518555
0.13197970390319824
0.13099336624145508
0.13002538681030273
0.1269991397857666
0.12900066375732422
0.12799835205078125
0.12999939918518066
0.12799715995788574
0.1289968490600586
0.13000226020812988
0.1329634189605713
0.13000011444091797
0.13100147247314453
0.13200116157531738
0.13302826881408691
0.12803053855895996
0.12804841995239258
0.13199853897094727
0.13099884986877441
0.1289985179901123
0.12896323204040527
0.13201045989990234
0.1329970359802246
0.12900018692016602
0.1320056915283203
0.12972569465637207
0.12896370887756348
0.13001441955566406
0.13099884986877441
0.12899994850158691
0.1300516128540039
0.12599897384643555
0.13102316856384277
0.12899994850158691
0.13102269172668457
0.1289997100830078
0.1289975643157959
0.12999296188354492
0.12599945068359375
0.12600231170654297
0.13099980354309082
0.12801384925842285
0.13002395629882812
0.1300351619720459
0.13301372528076172
0.129990816116333
0.13199925422668457
0.13000011444091797
0.13000726699829102
0.12899494171142578
0.13099384307861328
0.1319887638092041
0.13199973106384277
0.13200163841247559
0.13102412223815918
0.13198518753051758
0.1269855499267578
0.12800168991088867
0.13199687004089355
0.13004589080810547
0.1300365924835205
0.13100194931030273
0.13000178337097168
0.13401269912719727
0.12999844551086426
0.1300215721130371
0.133988618850708
0.12999939918518066
0.12999987602233887
0.13099980354309082
0.13103342056274414
0.1309964656829834
0.13099980354309082
0.13304638862609863
0.1269981861114502
0.1320335865020752
0.13101530075073242
0.13196563720703125
0.1280355453491211
0.13372445106506348
0.12996673583984375
0.13396716117858887
0.12897682189941406
0.1269981861114502
0.1309659481048584
0.16199874877929688
0.12600207328796387
0.12499856948852539
0.12799930572509766
0.12500834465026855
0.1250004768371582
0.1269986629486084
0.12599706649780273
0.12601017951965332
0.12400126457214355
0.12999749183654785
0.12599802017211914
0.12599992752075195
0.12704133987426758
0.13199949264526367
0.1280217170715332
0.12997817993164062
0.13099193572998047
0.1319875717163086
0.1289982795715332
0.12994718551635742
0.1289992332458496
0.12799763679504395
0.1269998550415039
0.06899785995483398
