5.886998176574707
0.14598441123962402
0.14899778366088867
0.1459972858428955
0.1450347900390625
0.1459963321685791
0.1450185775756836
0.14500069618225098
0.1459977626800537
0.14700746536254883
0.14400839805603027
0.14599847793579102
0.14699840545654297
0.14701008796691895
0.14899921417236328
0.14700007438659668
0.14800453186035156
0.14500999450683594
0.1460285186767578
0.14700007438659668
0.14700055122375488
0.1459672451019287
0.1419978141784668
0.14500641822814941
0.14502906799316406
0.14803099632263184
1.063441514968872
0.15000557899475098
0.14300155639648438
0.14603972434997559
0.14499902725219727
0.14800500869750977
0.14799952507019043
0.14700031280517578
0.1469871997833252
0.14698386192321777
0.14803647994995117
0.15197014808654785
0.14299845695495605
0.14798736572265625
0.1439967155456543
0.14600729942321777
0.14604640007019043
0.14700722694396973
0.14405059814453125
0.14797067642211914
0.14499783515930176
0.14599943161010742
0.14699196815490723
0.14598870277404785
0.14699959754943848
0.14499926567077637
0.14299798011779785
0.10703182220458984
0.14501547813415527
0.14397501945495605
0.14502692222595215
0.1459953784942627
0.1419973373413086
0.1419999599456787
0.14700031280517578
0.14399933815002441
0.1439979076385498
0.14401531219482422
0.14402222633361816
0.14699840545654297
0.14600610733032227
0.14703917503356934
0.14602398872375488
0.14600110054016113
0.14501237869262695
0.1459965705871582
0.14699959754943848
0.14398193359375
0.14599823951721191
0.14499998092651367
0.14602375030517578
0.14399290084838867
0.14500641822814941
0.14400219917297363
0.10500073432922363
