2.9599385261535645
0.19197750091552734
0.192000150680542
0.19099998474121094
0.19098520278930664
0.19095778465270996
0.1939995288848877
0.19204139709472656
0.19098210334777832
0.19101715087890625
0.6594691276550293
0.1999986171722412
0.21198725700378418
0.19700121879577637
0.1920008659362793
0.1909933090209961
0.19118142127990723
0.1920011043548584
0.19000625610351562
0.19100165367126465
0.1910388469696045
0.08805203437805176
0.1950068473815918
0.1910390853881836
0.1900327205657959
0.19002819061279297
0.1920030117034912
0.19199657440185547
0.19099831581115723
0.18999910354614258
0.19098472595214844
0.19197893142700195
0.09299945831298828
