2.180999755859375
0.15703105926513672
0.15400028228759766
0.151015043258667
0.15099668502807617
0.1530284881591797
0.15700054168701172
0.15101408958435059
0.1520402431488037
0.15202999114990234
0.15201902389526367
0.1510472297668457
0.1530134677886963
0.15497589111328125
0.15500736236572266
0.15299725532531738
0.15200114250183105
0.15099334716796875
0.15201091766357422
0.15099549293518066
0.15199971199035645
0.1519770622253418
0.15200066566467285
0.1510002613067627
0.15098810195922852
0.15099287033081055
0.7310049533843994
0.15399909019470215
0.15198779106140137
0.1519639492034912
0.1520693302154541
0.15099811553955078
0.15200090408325195
0.15231776237487793
0.15198898315429688
0.15099859237670898
0.15198540687561035
0.15199017524719238
0.15199923515319824
0.15300989151000977
0.1530137062072754
0.15194129943847656
0.15199971199035645
0.15099835395812988
0.1510469913482666
0.15099835395812988
0.151961088180542
0.15199995040893555
0.15099883079528809
0.15197086334228516
0.15200042724609375
0.15204548835754395
0.15099716186523438
0.09300041198730469
0.15501141548156738
0.1530437469482422
0.15198636054992676
0.15202689170837402
0.15195202827453613
0.15236520767211914
0.15200114250183105
0.15200114250183105
0.1519477367401123
0.15300607681274414
0.15099215507507324
0.1510002613067627
0.15200138092041016
0.15198349952697754
0.15399742126464844
0.15200233459472656
0.15201544761657715
0.15096402168273926
0.1510331630706787
0.15099120140075684
0.15300273895263672
0.1515350341796875
0.1519770622253418
0.1519613265991211
0.15197086334228516
0.15203857421875
0.09396958351135254
