1.9545817375183105
0.11694669723510742
0.11693429946899414
0.11499786376953125
0.11700916290283203
0.11599183082580566
0.11900472640991211
0.11697602272033691
0.11796426773071289
0.11701273918151855
0.11699962615966797
0.11498713493347168
0.11600685119628906
0.1250007152557373
0.11599922180175781
0.11899971961975098
0.11999821662902832
0.11902141571044922
0.12091779708862305
0.12103080749511719
0.11999869346618652
0.11700630187988281
0.11700034141540527
0.11697506904602051
0.1169440746307373
0.11802911758422852
0.11800289154052734
0.11701655387878418
0.11902165412902832
0.1160280704498291
0.11600756645202637
0.12100028991699219
0.11803030967712402
0.11498284339904785
0.12099885940551758
0.11800289154052734
0.11699938774108887
0.12200760841369629
0.11600089073181152
0.11902189254760742
0.11800670623779297
0.11501145362854004
0.12099814414978027
0.1170198917388916
0.11898636817932129
0.11600399017333984
0.115997314453125
0.12100005149841309
0.11600065231323242
0.11996984481811523
0.11700034141540527
0.11600375175476074
0.1210019588470459
0.11500167846679688
0.11898541450500488
0.11603426933288574
0.11503100395202637
0.12099909782409668
0.11501812934875488
0.11499738693237305
0.11500167846679688
0.11798644065856934
0.11700081825256348
0.11645102500915527
0.12000226974487305
0.12100934982299805
0.11900067329406738
0.11999893188476562
0.11799931526184082
0.1159977912902832
0.11499905586242676
0.1140291690826416
0.11600041389465332
0.11601042747497559
0.11702203750610352
0.11999034881591797
0.11800718307495117
0.11702489852905273
0.12099838256835938
0.12200331687927246
0.12199521064758301
0.12199831008911133
0.11999917030334473
0.11901354789733887
0.11703753471374512
0.11404943466186523
0.11399674415588379
0.11601066589355469
0.1159977912902832
0.11699414253234863
0.11799144744873047
0.11999940872192383
0.11999988555908203
0.11900115013122559
0.12003087997436523
0.11999654769897461
0.12100076675415039
0.12001562118530273
0.11901354789733887
0.12200069427490234
0.11998915672302246
0.11899828910827637
0.11800074577331543
0.12200188636779785
0.12102890014648438
0.12397170066833496
0.12199807167053223
0.12000393867492676
0.12200021743774414
0.11999845504760742
0.12105584144592285
0.11999225616455078
0.11696839332580566
0.11999320983886719
0.11673998832702637
0.11699914932250977
0.11699914932250977
0.11597776412963867
0.11800003051757812
0.11700057983398438
0.11796998977661133
0.11700081825256348
0.11799979209899902
0.11699867248535156
0.11801314353942871
0.1159827709197998
0.1190037727355957
0.11797690391540527
0.11802864074707031
0.1160130500793457
0.11700153350830078
0.11603784561157227
0.11705970764160156
0.11503076553344727
0.11701035499572754
0.1179649829864502
0.11600923538208008
0.1179952621459961
0.11700153350830078
0.1159982681274414
0.11800026893615723
0.11899971961975098
0.1170346736907959
0.1170041561126709
0.11702632904052734
0.11795711517333984
0.11799979209899902
0.11701488494873047
0.1179971694946289
0.11699795722961426
0.11699867248535156
0.11699962615966797
0.11699390411376953
0.11699938774108887
0.11699748039245605
0.11599922180175781
0.11798429489135742
0.1170353889465332
0.11600422859191895
0.11503362655639648
0.11700129508972168
0.11800169944763184
0.11798667907714844
0.11700773239135742
0.11699175834655762
0.11699819564819336
0.11699795722961426
0.11703228950500488
0.11799216270446777
0.11673426628112793
0.11802411079406738
0.11700153350830078
0.11701226234436035
0.11700129508972168
0.11697769165039062
0.11699676513671875
0.11701297760009766
0.1160440444946289
0.11699867248535156
0.1170341968536377
0.11628913879394531
0.1159977912902832
0.11700725555419922
0.11698317527770996
0.11599993705749512
0.11702227592468262
0.5746302604675293
0.11999726295471191
0.11600041389465332
0.11699318885803223
0.11697673797607422
0.11802554130554199
0.11899995803833008
0.11601090431213379
0.11701393127441406
0.11900067329406738
0.11599898338317871
0.11779499053955078
0.11694741249084473
0.11700797080993652
0.11801767349243164
0.11701345443725586
0.11700296401977539
0.11700320243835449
0.11702203750610352
0.117034912109375
0.11603188514709473
0.11700057983398438
0.11697030067443848
0.11503219604492188
0.11600017547607422
0.11604166030883789
0.11700081825256348
0.1170339584350586
0.11599969863891602
0.11700034141540527
0.11697530746459961
0.11703300476074219
0.11602950096130371
0.11703228950500488
0.11798858642578125
0.11800098419189453
0.11703228950500488
0.11700820922851562
0.1179964542388916
0.11800146102905273
0.11802911758422852
0.11798715591430664
0.11699986457824707
0.1180121898651123
0.11699771881103516
0.11800551414489746
0.11699891090393066
0.11602258682250977
0.1160280704498291
0.11801552772521973
0.11798691749572754
0.11700105667114258
0.11802363395690918
0.11701178550720215
0.11799883842468262
0.11700057983398438
0.11800956726074219
0.11699461936950684
0.11799860000610352
0.11600065231323242
0.11699962615966797
0.11498904228210449
0.11695337295532227
0.1159825325012207
0.11797595024108887
0.115966796875
0.11699891090393066
0.11797118186950684
0.11698293685913086
0.11699819564819336
0.11655163764953613
0.11800074577331543
0.11595726013183594
0.11700057983398438
0.11697173118591309
0.11801409721374512
0.11699914932250977
0.11799931526184082
0.11600875854492188
0.11699891090393066
0.11599540710449219
0.11800074577331543
0.11700129508972168
0.11704206466674805
0.11598873138427734
0.11699962615966797
0.11659622192382812
0.11706662178039551
0.11699724197387695
0.11659598350524902
0.11698126792907715
0.11798620223999023
0.11696982383728027
0.1170206069946289
0.11699748039245605
0.11696052551269531
0.11600089073181152
0.11693024635314941
0.11700630187988281
0.1180582046508789
0.11699414253234863
0.11700677871704102
0.11900138854980469
0.11800527572631836
0.11700224876403809
0.11702251434326172
0.11700129508972168
0.1160578727722168
0.11698579788208008
0.11702990531921387
0.11699867248535156
0.11700892448425293
0.1159968376159668
0.11800003051757812
0.11697602272033691
0.11799407005310059
0.11599969863891602
0.11697030067443848
0.12399792671203613
0.11600160598754883
0.11701440811157227
0.11699891090393066
0.11704683303833008
0.11800765991210938
0.1160135269165039
0.11803960800170898
0.11699914932250977
0.11798667907714844
0.11701607704162598
0.11800813674926758
0.11699795722961426
0.11499905586242676
0.11599922180175781
0.1169898509979248
0.11695694923400879
0.11797690391540527
0.11900043487548828
0.11599469184875488
0.11703920364379883
0.11797833442687988
0.11797451972961426
0.1160426139831543
0.1170036792755127
0.11602067947387695
0.11803436279296875
0.11702418327331543
0.11599564552307129
0.11695027351379395
0.11799740791320801
0.11699104309082031
0.11600017547607422
0.11702632904052734
0.11704683303833008
0.11901402473449707
0.11700105667114258
0.11900782585144043
0.11699914932250977
0.11802077293395996
0.1170196533203125
0.1170036792755127
0.11604571342468262
0.11799740791320801
0.11600780487060547
0.11699843406677246
0.11798834800720215
0.11801528930664062
0.11701631546020508
0.11700034141540527
0.11702394485473633
0.11700057983398438
0.11699819564819336
0.1160268783569336
0.11703610420227051
0.11700630187988281
0.11802911758422852
0.11701059341430664
0.11699962615966797
0.11798882484436035
0.11800169944763184
0.11702370643615723
0.11897420883178711
0.1170201301574707
0.11799931526184082
0.1159980297088623
0.11701536178588867
0.11801385879516602
0.11700892448425293
0.03797602653503418
